S.N.,DISTRICT,LOCATION,PH,EC,TDS,CO3,HCO3,CL,NO3,SO4,F,ALK,CA,MG,TH,NA,K,SAR
1,Ahmedabad,Dalod,8.2,16640,11149.0,0,1257.0,5176.0,26.0,822.0,1.0,1030.82,152.0,260.0,1451.0,3535,45.0,40.0
2,Ahmedabad,Endla,7.35,715,479.0,0,354.0,50.0,0.23,18.0,0.46,290.0,56.0,34.0,280.0,47,11.0,1.2
3,Ahmedabad,Viramgam,8.08,2810,1883.0,0,329.0,596.0,4.9,230.0,0.32,270.0,16.0,19.0,120.0,541,4.4,21.5
4,Ahmedabad,Kumar Khan,7.34,6118,4099.0,0,1403.0,1120.0,21.0,397.0,3.5,1150.92,148.0,61.0,620.0,1100,63.0,19.2
5,Ahmedabad,Kundal,7.7,1243,833.0,0,354.0,184.0,2.2,64.0,0.73,290.0,44.0,24.0,210.0,178,1.7,5.3
6,Ahmedabad,Bavla,7.48,4998,3349.0,0,342.0,1092.0,11.0,580.0,0.52,280.0,152.0,41.0,550.0,863,2.7,16.0
7,Ahmedabad,Dhandhuka1,8.2,7328,4910.0,0,1135.0,1546.0,220.0,494.0,5.0,931.0,72.0,122.0,681.0,1384,44.0,23.08
8,Ahmedabad,Tagadi1,8.1,2960,1983.0,0,427.0,269.0,43.0,798.0,0.8,350.0,132.0,54.0,550.0,437,24.0,8.1
9,Ahmedabad,Barvala,8.19,7338,4916.46,0,1293.0,1198.0,33.0,1002.0,3.8,1060.85,32.0,73.0,380.0,1550,0.27,34.571
10,Ahmedabad,Lonjdhara,8.18,1264,847.0,0,500.0,142.0,49.0,30.0,2.4,410.0,20.0,29.0,170.0,225,0.51,7.5
11,Ahmedabad,Rajpada,8.08,708,474.0,0,293.0,57.0,37.0,30.0,0.73,240.0,40.08,34.0,240.0,70,0.31,1.96
12,Ahmedabad,Kundali,8.19,735,492.0,0,403.0,35.0,11.0,17.0,0.37,330.0,44.0,49.0,310.0,45,0.26,1.11
13,Amreli,Punjapadar,7.08,436,292.0,0,183.0,35.0,0.39,38.0,0.51,150.0,24.0,4.9,80.0,68,4.2,3.31
14,Amreli,Sanaliya,8.15,1916,1284.0,0,281.0,241.0,20.0,450.0,0.88,230.0,56.0,49.0,340.0,323,1.8,7.62
15,Amreli,Luvariya 1,8.19,996,667.0,0,573.0,28.0,20.0,19.0,2.5,470.0,28.0,7.3,100.0,198,4.9,8.61
16,Amreli,Lathi,8.18,1055,707.0,0,390.0,149.0,12.0,41.0,0.5,320.0,36.0,32.0,220.0,157,0.23,4.6
17,Amreli,Tajpur,7.85,444,297.0,0,220.0,28.0,5.5,19.0,0.4,180.0,40.0,15.0,160.0,37,1.94,1.27
18,Amreli,Chavand,8.09,607,407.0,0,305.0,35.0,5.2,23.0,0.4,250.0,40.0,27.0,210.0,58,0.9,1.74
19,Amreli,Untvad,7.99,1215,814.0,0,244.0,156.0,174.0,57.0,0.42,200.0,128.0,46.0,510.0,63,0.38,1.21
20,Amreli,Kotadapitha,8.09,385,258.0,0,183.0,28.0,4.8,16.0,0.4,150.0,24.0,19.0,140.0,30,1.94,1.1
21,Amreli,DhraiValmukund,8.19,465,312.0,0,256.0,14.0,6.9,10.0,0.36,210.0,32.0,17.0,150.0,49,0.29,1.74
22,Amreli,Bhildi,8.07,620,415.0,0,317.0,35.0,14.0,18.0,0.55,260.0,40.0,19.0,180.0,71,0.21,2.3
23,Amreli,AnkodiaMota,7.76,1278,856.0,0,366.0,170.0,94.0,85.0,0.33,300.0,72.0,56.0,410.0,136,1.2,2.92
24,Amreli,Kunkavav,7.82,1306,875.0,0,305.0,199.0,68.0,101.0,0.22,250.0,60.0,54.0,370.0,143,0.71,3.23
25,Amreli,Vaghania juna,8.02,1296,868.0,0,598.0,106.0,35.0,41.0,1.1,190.0,28.0,39.0,230.0,220,8.05,6.31
26,Amreli,Bagasara,7.81,3589,2405.0,0,403.0,780.0,230.0,260.0,0.46,330.0,132.0,187.0,1101.0,357,0.39,4.68
27,Amreli,Amreli,7.4,1280,858.0,0,317.0,199.0,50.0,96.0,0.14,260.0,100.0,39.0,410.0,112,1.3,2.4
28,Amreli,Govadka,7.58,507,340.0,0,195.0,50.0,18.0,26.0,0.29,160.0,32.0,19.0,160.0,50,9.5,1.72
29,Amreli,Vankiya,7.86,725,486.0,0,342.0,57.0,13.0,28.0,0.69,280.0,16.0,12.0,90.0,136,0.67,6.23
30,Amreli,Chalala,8.2,580,389.0,0,220.0,71.0,8.8,32.0,0.22,180.0,36.0,27.0,200.0,52,0.99,1.6
31,Amreli,Morjhar,7.83,833,558.0,0,293.0,121.0,22.0,30.0,0.18,240.0,60.0,44.0,330.0,61,0.3,1.46
32,Amreli,Kerala,8.09,1369,917.0,0,500.0,206.0,23.0,36.0,0.41,410.0,28.0,12.0,120.0,286,0.68,11.4
33,Amreli,Charkhadia1,7.57,1152,772.0,0,622.0,50.0,17.0,35.0,2.25,510.0,16.0,2.4,50.0,262,2.9,16.1
34,Amreli,Bhuva,8.13,9343,6260.0,0,805.0,2552.0,221.0,560.0,0.84,661.0,40.0,151.0,721.0,2008,81.0,32.5
35,Amreli,Dharangani,7.99,1687,1130.0,0,293.0,347.0,135.0,64.0,0.29,240.0,96.0,61.0,490.0,188,0.86,3.69
36,Amreli,Ingorala,8.19,676,453.0,0,342.0,35.0,16.0,30.0,0.31,280.0,60.0,29.0,270.0,47,0.52,1.24
37,Amreli,Virpur,7.3,1098,736.0,0,488.0,57.0,90.0,51.0,0.25,400.0,104.0,46.0,450.0,65,3.5,1.33
38,Amreli,Timbi2,8.2,2073,1389.0,0,451.0,390.0,85.0,112.0,0.83,370.0,48.0,66.0,390.0,341,19.0,7.51
39,Amreli,Kadiyali,8.38,2680,1796.0,24,342.0,674.0,8.9,27.0,1.0,320.0,132.0,29.0,450.0,363,12.0,7.44
40,Amreli,Jafrabad,8.15,3374,2261.0,0,549.0,645.0,150.0,177.0,0.61,450.0,40.0,54.0,320.0,528,210.0,12.83
41,Amreli,Lotpur,8.2,8755,5866.0,0,256.0,2567.0,114.0,477.0,0.27,210.0,64.0,179.968,901.0,1698,6.1,24.61
42,Amreli,Bherai,8.43,3112,2085.0,36,683.0,581.0,46.0,154.0,0.86,620.0,32.0,90.0,450.0,515,13.0,10.56
43,Amreli,Nageshri,7.73,1390,931.0,0,476.0,156.0,49.0,107.0,0.27,390.0,72.0,46.0,370.0,164,7.5,3.71
44,Amreli,Trakuda,7.46,452,303.0,0,171.0,50.0,0.76,26.0,0.27,140.0,36.0,15.0,150.0,44,1.5,1.56
45,Amreli,Khamba,8.2,698,468.0,0,366.0,35.0,24.0,22.0,0.26,300.0,48.0,29.0,240.0,68,0.41,1.91
46,Amreli,Vankiya1,8.19,1408,943.0,0,464.0,142.0,136.0,85.0,0.28,380.0,92.0,58.0,470.0,136,1.9,2.73
47,Amreli,Badhda,8.18,1275,854.0,0,244.0,177.0,124.0,100.0,0.21,200.0,52.0,73.0,430.0,101,0.79,2.12
48,Amreli,Goradka,7.7,1324,887.0,0,183.0,234.0,135.0,97.0,0.23,150.0,104.0,66.0,530.0,86,0.64,1.62
49,Amreli,Mandal,7.92,1976,1324.0,0,329.0,376.0,123.0,101.0,0.59,270.0,68.0,71.0,460.0,268,3.9,5.43
50,Amreli,Piyava,8.22,1260,844.0,0,659.0,78.0,33.0,20.0,0.39,540.0,28.0,36.0,220.0,220,0.37,6.45
51,Amreli,Hipabadli,9.14,2657,1780.0,78,1198.0,113.0,26.0,54.0,2.25,1112.0,8.0,17.0,90.0,580,7.26,26.6
52,Anand,Parvata,8.33,1148,769.16,36,476.0,71.0,6.9,76.0,0.93,450.0,40.0,78.0,420.0,96,1.9,2.04
53,Anand,Adas,8.06,1216,814.72,0,512.0,92.0,91.0,39.0,0.52,420.0,36.0,102.0,510.0,75,1.2,1.44
54,Anand,Anklav,8.19,1476,988.92,0,683.0,121.0,37.0,53.0,0.73,560.0,36.0,124.0,600.0,97,2.0,1.72
55,Anand,Bhadran,7.93,635,425.45,0,342.0,35.0,0.33,20.0,0.28,281.0,64.0,27.0,270.0,32,1.3,0.85
56,Anand,Ras,8.09,1442,966.14,0,659.0,149.0,16.0,25.0,4.5,541.0,28.0,22.0,160.0,284,8.5,9.76
57,Anand,Dali,8.18,3721,2493.07,0,805.0,808.0,12.0,154.0,3.4,660.0,80.0,85.0,550.0,605,21.0,11.22
58,Anand,Kansari,8.19,4565,3058.55,0,744.0,1035.0,46.0,262.0,1.6,610.0,88.0,90.0,590.0,784,10.0,14.03
59,Anand,Dharmaj,9.23,2488,1666.96,180,573.0,262.0,79.0,154.0,2.2,770.0,12.0,44.0,210.0,498,0.13,14.94
60,Anand,Bandhani,8.52,1834,1228.78,36,903.0,106.0,28.0,38.0,2.3,801.0,8.0,27.0,130.0,408,0.56,15.56
61,Aravalli,Punasan,7.9,810,542.7,0,256.0,64.0,36.0,90.0,1.75,209.97,72.0,17.0,250.0,77,0.49,2.12
62,Aravalli,Shamlaji,8.0,501,335.67,0,220.0,50.0,3.0,15.0,0.51,180.0,36.0,4.9,110.0,70,0.85,2.9
63,Aravalli,Bhiloda,7.74,1173,785.91,0,305.0,156.0,37.0,140.0,0.85,250.0,84.0,45.0,395.0,105,2.85,2.3
64,Aravalli,Takatuka,7.7,3100,2077.0,0,244.0,724.0,108.0,145.0,1.01,200.0,176.0,73.0,740.0,381,1.52,6.09
65,Aravalli,Gadada,7.6,1758,1177.86,0,317.0,227.0,140.0,207.0,0.98,260.0,112.0,78.0,600.0,116,0.76,2.06
66,Aravalli,Madasana,7.69,1034,692.78,0,183.0,170.0,60.0,127.0,0.73,150.0,84.0,29.0,330.0,106,2.1,2.54
67,Aravalli,Modasa2,7.62,963,645.21,0,232.0,128.0,55.0,56.0,0.13,190.0,112.0,2.5,290.0,82,2.6,2.09
68,Aravalli,Seenawad,7.44,1427,956.09,0,305.0,227.0,109.0,100.0,0.46,250.0,144.0,34.0,500.0,97,11.5,1.89
69,Aravalli,Megraj_1,7.53,810,542.7,0,268.0,99.0,8.7,76.0,0.4,220.0,48.0,17.0,190.0,109,1.9,3.44
70,Aravalli,Hamirpur,7.49,1509,1011.03,0,293.0,256.0,85.0,132.0,0.63,240.0,144.0,29.0,480.0,125,0.99,2.48
71,Aravalli,Malpur_1,7.59,807,540.69,0,280.0,64.0,106.0,11.0,0.72,230.0,76.0,39.0,350.0,26,0.42,0.6
72,Aravalli,Sathamba,7.94,918,615.06,0,366.0,43.0,18.0,90.0,0.74,300.0,56.0,46.0,330.0,58,1.6,1.39
73,Aravalli,Boral,7.69,3142,2105.14,0,268.0,824.0,125.0,77.0,0.49,220.0,304.0,15.0,820.0,398,1.1,6.04
74,Aravalli,Bibipur1,7.5,3190,2137.3,0,256.0,568.0,440.0,240.0,0.31,210.0,272.0,170.0,1380.0,95,3.5,1.11
75,Aravalli,Alwa Kampa,7.87,1146,767.82,0,378.0,99.0,36.0,122.0,0.57,310.0,52.0,53.0,350.0,92,0.5,2.14
76,Aravalli,Karanpur,7.84,682,456.94,0,122.0,99.0,38.0,90.0,0.72,100.0,56.0,19.0,220.0,60,0.4,1.76
77,Aravalli,Dhansura,7.8,1350,904.5,0,366.0,156.0,74.0,85.0,0.47,300.0,168.0,24.0,520.0,69,0.55,1.32
78,Banaskantha,Amirgadh,7.02,3275,2194.0,0,586.0,709.0,125.0,116.0,0.78,480.0,140.0,151.0,971.0,330,3.1,4.6
79,Banaskantha,Bharol1,7.14,825,553.0,0,378.0,78.0,5.3,17.0,0.64,310.0,76.0,27.0,300.0,40,52.0,1.0
80,Banaskantha,Dantiwada,7.04,620,415.0,0,281.0,50.0,30.0,17.0,0.42,230.0,80.0,17.0,270.0,33,1.1,0.9
81,Banaskantha,Ganapipli,7.08,918,615.0,0,390.0,78.0,33.0,39.0,2.1,320.0,76.0,34.0,330.0,81,2.0,1.9
82,Banaskantha,Gangodra,7.12,3494,2341.0,0,671.0,709.0,0.96,144.0,3.5,550.0,204.0,85.0,861.0,335,19.0,5.0
83,Banaskantha,Iqbalgarh,7.38,810,543.0,0,329.0,57.0,54.0,23.0,0.58,270.0,76.0,34.0,330.0,45,1.0,1.1
84,Banaskantha,Jhat,7.68,2000,1340.0,0,476.0,355.0,0.24,137.0,1.6,390.0,28.0,27.0,180.0,375,4.2,12.2
85,Banaskantha,Khoda,7.66,1575,1055.0,0,573.0,177.0,22.0,107.0,1.9,470.0,20.0,19.0,130.0,320,13.0,12.2
86,Banaskantha,Mohabbat gadh,7.17,1488,997.0,0,305.0,262.0,73.0,68.0,1.3,250.0,156.0,22.0,480.0,110,3.6,2.2
87,Banaskantha,Palanpur2,7.48,1579,1058.0,0,427.0,248.0,103.0,67.0,0.8,350.0,76.0,46.0,380.0,210,0.7,4.7
88,Banaskantha,Ratanpur2,7.08,1480,992.0,0,268.0,233.97,155.0,93.0,0.39,220.0,188.0,22.0,560.0,95,2.5,1.7
89,Banaskantha,Sodapur,7.45,915,613.0,0,403.0,78.0,19.0,38.0,2.2,330.0,32.0,19.0,160.0,158,2.8,5.4
90,Bharuch,Kalak1,7.01,835,559.45,0,354.0,64.0,15.0,24.0,1.5,290.348,80.0,12.0,250.0,60,36.0,1.65
91,Bharuch,Tankari,7.93,4492,3009.64,0,879.0,908.0,13.0,227.0,0.66,720.95,96.0,158.0,891.0,544,113.0,7.93
92,Bharuch,Sindhav,8.0,567,379.89,0,268.0,35.0,1.4,18.0,0.34,220.0,32.0,15.0,140.0,66,14.0,2.43
93,Bharuch,Chhindra,7.84,850,569.5,0,378.0,64.0,21.0,31.0,0.42,310.0,64.0,27.0,270.0,59,55.0,1.56
94,Bharuch,Dahegam,7.76,1644,1101.48,0,512.0,213.0,61.0,85.0,0.19,420.0,96.0,63.0,500.0,133,49.0,2.59
95,Bharuch,Kavi,8.2,2962,1984.54,0,854.0,312.0,121.0,157.0,0.39,700.0,40.0,44.0,280.0,190,510.0,4.94
96,Bharuch,Sarod,8.02,735,492.45,0,293.0,85.0,7.2,17.0,0.45,240.0,48.0,34.0,260.0,55,16.0,1.48
97,Bharuch,Roja Tankaria,7.59,1739,1165.13,0,476.0,326.0,5.8,34.0,0.36,390.0,132.0,49.0,530.0,131,46.0,2.47
98,Bharuch,Nirnavi,7.57,595,398.65,0,329.0,28.0,7.7,8.5,0.62,270.0,48.0,12.0,170.0,66,12.0,2.2
99,Bharuch,Luhala,8.14,2526,1692.42,0,732.0,255.0,115.0,164.0,0.5,600.0,40.0,54.0,320.0,255,315.0,6.2
100,Bharuch,Bhensali,7.91,1006,674.02,0,305.0,142.0,5.2,72.0,0.54,250.0,48.0,27.0,230.0,119,17.0,3.41
101,Bharuch,Mahegam,7.79,1579,1057.93,0,476.0,269.0,0.73,74.0,0.28,390.0,116.0,68.0,570.0,92,36.0,1.68
102,Bharuch,Kaswa,7.93,450,301.5,0,207.0,35.0,4.7,13.0,0.45,170.0,44.0,12.0,160.0,37,3.4,1.27
103,Bharuch,Navetha,7.81,695,465.65,0,305.0,92.0,2.5,2.1,0.32,250.0,64.0,27.0,270.0,34,23.0,0.9
104,Bharuch,Bharuch,7.75,2416,1618.72,0,635.0,347.0,1.2,129.0,0.31,521.0,144.0,85.0,711.0,206,5.3,3.36
105,Bharuch,Sajod,8.58,2035,1363.45,72,683.0,191.0,11.0,58.0,3.2,680.0,16.0,36.0,190.0,400,2.8,12.6
106,Bharuch,Utraj,7.88,475,318.25,0,207.0,28.0,2.8,17.0,0.45,170.0,48.0,10.0,160.0,35,0.69,1.2
107,Bharuch,Jetpur,7.68,1750,1172.5,0,451.0,347.0,11.0,67.0,0.86,370.0,96.0,32.0,370.0,240,36.0,5.42
108,Bharuch,Sahol,7.62,5499,3684.33,0,281.0,1390.0,298.0,360.0,0.68,230.0,521.0,117.0,1781.0,390,3.1,4.02
109,Bharuch,Raymal,7.92,3069,2056.23,0,281.0,752.0,5.7,69.0,0.61,230.0,76.0,100.0,600.0,340,14.0,6.03
110,Bharuch,Motwan,7.98,3445,2308.15,0,464.0,794.0,3.3,287.0,0.72,381.0,124.0,71.0,600.0,602,12.0,10.69
111,Bharuch,Panoli,7.9,2502,1676.34,0,537.0,447.0,29.0,229.0,1.6,440.0,40.0,39.0,260.0,495,0.75,13.35
112,Bharuch,Kondh,7.78,847,567.49,0,305.0,71.0,20.0,58.0,0.99,250.0,48.0,19.0,200.0,97,6.3,2.98
113,Bharuch,Mungaj,7.48,528,353.76,0,305.0,14.0,1.5,14.0,0.13,250.0,56.0,27.0,250.0,19,0.3,0.52
114,Bhavnagar,Panvi1,8.22,1798,1205.0,0,940.0,106.0,2.9,52.0,3.9,771.0,16.0,15.0,100.0,408,4.6,17.74
115,Bhavnagar,Aayodhyapuram,8.02,1351,905.0,0,561.0,156.0,33.0,37.0,1.9,460.0,28.0,10.0,110.0,278,7.6,11.52
116,Bhavnagar,Vallabhipur,8.2,4290,2874.0,0,451.0,1021.0,12.0,380.0,0.79,370.0,84.0,58.0,450.0,767,9.3,15.72
117,Bhavnagar,Timbi,7.23,388,260.0,0,183.0,28.0,0.61,21.0,0.45,150.0,32.0,10.0,120.0,40,1.7,1.59
118,Bhavnagar,Jalia,7.38,2464,1651.0,0,427.0,553.0,27.0,170.0,0.4,350.0,216.0,112.0,1001.0,148,3.8,2.03
119,Bhavnagar,Motivadal,8.2,1273,853.0,0,476.0,170.0,28.0,81.0,0.29,390.0,92.0,68.0,510.0,110,9.2,2.12
120,Bhavnagar,Dudhala,8.19,1873,1255.0,0,415.0,362.0,71.0,99.0,0.5,340.0,44.0,63.232,370.0,287,6.7,6.49
121,Bhavnagar,Mahuva,8.22,4600,3082.0,0,830.0,1014.0,68.0,190.0,0.87,681.0,24.0,36.48,210.0,1007,1.9,30.21
122,Bhavnagar,Bora,8.56,1566,1049.0,72,647.0,78.0,55.0,54.0,2.0,651.0,16.0,7.296,70.0,364,1.7,18.92
123,Bhavnagar,Datha,8.08,1228,823.0,0,366.0,213.0,7.3,51.0,1.3,300.0,28.0,14.592,130.0,238,6.7,9.08
124,Bhavnagar,Longadi,8.05,668,448.0,0,293.0,64.0,4.5,31.0,0.57,240.0,36.0,14.592,150.0,85,27.0,3.02
125,Bhavnagar,Pasvi,7.75,805,539.0,0,342.0,64.0,31.0,46.0,0.3,280.0,60.0,43.776,330.0,50,5.9,1.2
126,Bhavnagar,Kundheli,7.85,1203,806.0,0,244.0,241.0,32.0,83.0,0.34,200.0,80.0,48.64,400.0,105,0.9,2.28
127,Bhavnagar,Talaja2,8.06,1240,831.0,0,415.0,142.0,94.0,61.0,0.51,340.0,92.0,63.0,490.0,89,0.56,1.75
128,Bhavnagar,Trapaj,7.02,1518,1017.0,0,317.0,163.0,185.0,160.0,0.31,260.0,176.0,56.0,671.0,57,0.47,0.96
129,Bhavnagar,Vavdi,7.43,1010,677.0,0,342.0,78.0,70.0,110.0,0.36,280.0,52.0,66.0,400.0,65,0.99,1.41
130,Bhavnagar,Bhumbhali,8.09,4605,3085.0,0,696.0,858.0,7.7,637.0,0.63,570.0,80.0,88.0,560.0,820,17.0,15.0658
131,Bhavnagar,Ghogha,8.36,3279,2197.0,72,488.0,546.0,181.0,194.0,0.28,520.0,96.0,41.0,410.0,500,53.0,10.7362
132,Bhavnagar,Bhavnagar1,7.82,1268,850.0,0,403.0,184.0,38.0,74.0,0.38,330.0,60.0,24.0,250.0,208,0.77,5.7196
133,Bhavnagar,Ambala,8.03,411,275.0,0,195.0,28.0,1.9,16.0,0.45,160.0,28.0,15.0,130.0,40,1.8,1.53
134,Bhavnagar,Piperla,7.66,888,595.0,0,317.0,92.0,34.0,52.0,0.26,260.0,84.0,34.0,350.0,48,0.77,1.12
135,Bhavnagar,Palitana2,7.21,950,637.0,0,366.0,113.0,10.0,51.0,0.26,300.0,92.0,34.0,370.0,57,6.22,1.29
136,Bhavnagar,Sajnasar,7.77,895,600.0,0,378.0,78.0,27.0,49.0,0.42,310.0,76.0,34.0,330.0,65,3.1,1.56
137,Bhavnagar,Vadal,7.84,1055,707.0,0,305.0,142.0,100.0,52.0,0.32,250.0,72.0,56.0,410.0,80,0.48,1.72
138,Bhavnagar,Ningala,8.09,598,401.0,0,256.0,57.0,8.4,32.0,0.45,210.0,16.0,12.0,90.0,105,0.67,4.81
139,Bhavnagar,Dhasa,8.19,861,577.0,0,305.0,92.0,39.0,48.0,0.33,250.0,68.0,24.0,270.0,94,0.32,2.49
140,Bhavnagar,Gariyadhar,8.15,1523,1020.0,0,207.0,319.0,94.0,142.0,0.45,170.0,60.0,68.0,430.0,190,0.46,3.99
141,Bhavnagar,Panchpipla,8.14,1156,775.0,0,366.0,170.0,26.0,73.0,0.55,300.0,40.0,49.0,300.0,157,0.2,3.94
142,Bhavnagar,Khijadiya,8.18,2267,1519.0,0,512.0,432.0,23.0,108.0,1.28,420.0,40.0,44.0,280.0,390,0.16,10.13
143,Bhavnagar,Gadhada2,8.11,814,545.0,0,366.0,78.0,10.0,32.0,0.31,300.0,80.0,22.0,290.0,69,7.97,1.76
144,Bhavnagar,Tatam,8.08,5062,3392.0,0,317.0,1283.0,365.0,288.0,0.48,260.0,289.0,316.0,2022.0,322,1.52,3.11
145,Bhavnagar,Tardhera,8.23,1812,1214.0,0,244.0,319.0,234.0,99.0,0.42,200.0,116.0,90.0,661.0,114,1.04,1.93
146,Chhota Udaipur,Govindpur,7.96,6995,4686.65,0,500.0,2028.0,20.0,488.0,1.9,410.0,148.296,297.0,1591.0,1000,5.8,10.9
147,Chhota Udaipur,Alhadpura,8.02,1049,702.83,0,427.0,113.0,32.0,41.0,1.1,350.0,44.088,51.0,320.0,110,2.8,2.67
148,Chhota Udaipur,Pitha,7.96,865,579.55,0,293.0,113.0,47.0,18.0,0.9,240.0,52.104,54.0,350.0,57,1.9,1.32
149,Chhota Udaipur,Kaprali,7.78,632,423.44,0,281.0,28.0,54.0,22.0,0.67,230.0,68.0,24.0,270.0,36,1.5,0.95
150,Chhota Udaipur,Sengpur,7.72,541,362.47,0,268.0,28.0,22.0,14.0,0.57,220.0,60.0,22.0,240.0,27,0.3,0.76
151,Chhota Udaipur,Motichikli,7.78,648,434.16,0,317.0,28.0,19.0,28.0,3.6,260.0,64.0,22.0,250.0,50,0.41,1.37
152,Chhota Udaipur,Bhindol,8.2,1750,1172.5,0,976.0,92.0,3.9,26.0,4.0,801.0,28.0,68.0,350.0,285,0.77,6.62
153,Chhota Udaipur,Chavaria,7.86,1449,970.83,0,439.0,199.0,101.0,55.0,4.05,360.0,64.0,61.0,410.0,178,2.6,3.8
154,Chhota Udaipur,Panvad,8.02,1498,1003.66,0,549.0,177.0,20.0,100.0,1.8,450.0,36.0,34.0,230.0,272,4.4,7.8
155,Chhota Udaipur,Chhota Udaipur,7.53,828,554.76,0,207.0,85.0,40.0,59.0,1.0,170.0,60.0,21.888,240.0,74,0.71,2.08
156,Chhota Udaipur,Ferkuva,7.57,642,430.14,0,244.0,71.0,37.0,23.0,0.45,200.0,88.0,19.456,300.0,17,3.4,0.43
157,Chhota Udaipur,Ghhamodi,7.72,516,345.72,0,232.0,50.0,1.6,13.0,1.1,190.0,48.0,9.728,160.0,50,0.86,1.72
158,Chhota Udaipur,Kevadi,7.54,518,347.06,0,220.0,43.0,9.3,21.0,0.93,180.0,60.0,9.728,190.0,39,0.22,1.23
159,Chhota Udaipur,Pavi,8.0,2007,1344.69,0,525.0,376.0,12.0,132.0,0.95,431.0,128.0,38.912,480.0,258,10.0,5.12
160,Dahod,Salaya,7.92,890,596.3,0,366.0,78.0,7.4,38.0,0.6,300.0,84.0,12.0,260.0,88,2.1,2.37
161,Dohad,Wadia,8.1,2323,1556.41,0,219.0,483.0,65.0,185.0,1.7,180.0,208.0,68.0,800.0,160,10.0,2.46
162,Dohad,Limbdi,7.83,779,521.93,0,329.0,78.0,1.3,15.0,0.79,270.0,68.0,7.3,200.0,89,5.18,2.74
163,Dohad,Sukhsar,7.69,844,565.48,0,317.0,50.0,55.0,35.0,0.97,260.0,80.0,4.9,220.0,89,1.9,2.61
164,Dohad,Sarsava,7.74,383,256.61,0,183.0,29.0,8.0,5.0,0.48,150.0,52.0,0.0,130.0,31,7.77,1.18
165,Dohad,Bapda,7.96,1172,785.24,0,366.0,135.0,20.0,72.0,0.91,300.0,44.0,17.0,180.0,184,2.67,5.96
166,Dohad,Devgadh bariya,8.2,918,615.06,0,220.0,142.0,16.0,67.0,0.96,180.0,40.0,27.0,210.0,119,3.3,3.57
167,Dohad,Khandania,7.88,699,468.33,0,317.0,28.0,24.0,20.0,1.0,260.0,60.0,15.0,210.0,57,1.5,1.71
168,Dohad,Tokarba,8.04,981,657.27,0,378.0,107.0,4.0,37.0,1.0,310.0,84.0,10.0,250.0,112,2.57,3.08
169,Dohad,Kanjetha,8.09,753,504.51,0,378.0,43.0,9.4,2.0,0.97,310.0,68.0,10.0,210.0,77,3.0,2.31
170,Dohad,Dhanpur,7.98,1700,1139.0,0,512.0,227.0,30.0,98.0,1.3,420.0,184.0,34.0,600.0,117,11.6,2.08
171,Dohad,Amba Katch,8.19,1075,720.25,0,390.0,85.0,70.0,38.0,1.2,320.0,80.0,24.0,300.0,108,9.0,2.71
172,Dohad,Garbara,7.9,8180,5480.6,0,463.0,1740.0,822.0,396.0,6.8,380.0,120.0,389.0,1900.0,1079,28.5,10.76
173,Dohad,Panchwada,8.15,907,607.69,0,390.0,64.0,24.0,24.0,1.76,320.0,16.0,75.0,350.0,48,3.69,1.12
174,Dohad,Varamkheda,8.11,580,388.6,0,220.0,50.0,30.0,11.0,1.0,180.0,28.0,41.0,240.0,24,1.54,0.67
175,Dohad,Dahod Urban-3,7.88,1641,1099.47,0,317.0,220.0,137.0,97.0,0.74,260.0,48.0,80.0,450.0,179,3.39,3.67
176,Dohad,Dahod Urban-2,7.97,2311,1548.37,0,317.0,390.0,155.0,175.0,3.45,260.0,52.0,136.0,690.0,250,4.94,4.14
177,Dohad,Dahod Urban-1,8.06,633,424.11,0,171.0,57.0,56.0,31.0,1.16,140.0,40.0,36.0,250.0,25,0.38,0.69
178,Dohad,Mirakhedi,8.11,863,578.21,0,256.0,85.0,32.0,50.0,0.88,210.0,56.0,54.0,360.0,26,0.85,0.6
179,Dohad,Dahod2,7.97,1771,1186.57,0,342.0,291.0,76.0,43.0,2.3,281.0,28.0,90.0,440.0,160,2.27,3.32
180,Dohad,Dadhela,8.16,712,477.04,0,232.0,64.0,30.0,38.0,1.26,190.0,36.0,41.0,260.0,43,4.36,1.16
181,Daman,Warkund,8.08,676,452.92,0,293.0,71.0,2.0,22.0,0.77,240.0,36.0,34.0,230.0,65,0.5,1.87
182,Daman,Dalwada,8.14,688,460.96,0,293.0,64.0,15.0,34.0,0.31,240.0,48.0,36.0,270.0,50,3.8,1.33
183,Dangs-Ahwa,Mehskatri,7.73,516,345.72,0,281.0,21.0,3.0,18.0,0.2,230.0,68.0,15.0,230.0,23,0.34,0.66
184,Dangs-Ahwa,Kalibel,8.09,695,465.65,0,305.0,50.0,3.0,69.0,0.52,250.0,64.0,32.0,290.0,45,0.55,1.14
185,Dangs-Ahwa,Sodmal,8.25,714,478.38,0,366.0,36.0,11.0,27.0,0.94,300.0,40.0,46.0,290.0,48,0.22,1.23
186,Dangs-Ahwa,Bardipada,8.21,2590,1735.3,0,598.0,483.0,15.0,170.0,0.86,490.0,56.0,56.0,370.0,459,2.07,10.0
187,Dangs-Ahwa,Mahal,8.24,1028,688.76,0,390.0,107.0,2.0,65.0,1.14,320.0,36.0,39.0,250.0,125,2.37,3.44
188,Dangs-Ahwa,Subir,8.14,1045,700.15,0,549.0,64.0,3.0,43.0,0.51,450.0,72.0,49.0,380.0,85,2.64,1.9
189,Dangs-Ahwa,Ghubita,7.73,925,619.75,0,268.0,149.0,1.0,30.0,0.0,220.0,76.0,24.0,290.0,67,7.1,1.7
190,Dangs-Ahwa,Ahwa1,8.13,1130,757.1,0,451.0,128.0,18.0,60.0,0.0,370.0,40.0,61.0,350.0,101,20.0,2.34
191,Dangs-Ahwa,Umberpada,8.34,1028,688.76,48,427.0,57.0,16.0,33.0,0.35,430.0,40.0,63.0,360.0,97,0.64,2.21
192,Dangs-Ahwa,Chichpada,7.8,1629,1091.43,0,659.0,199.0,36.0,45.0,1.12,541.0,104.0,63.0,520.0,175,7.5,3.34
193,Dangs-Ahwa,Dhumkhal,7.81,872,584.24,0,403.0,64.0,17.0,33.0,0.47,331.0,76.0,41.0,360.0,50,0.5,1.15
194,Dangs-Ahwa,Jakana,8.1,940,629.8,0,403.0,107.0,12.0,45.0,0.31,331.0,112.0,41.0,450.0,31,0.85,0.64
195,Dangs-Ahwa,Malegaon,8.27,746,499.82,0,159.0,135.0,2.0,35.0,0.23,130.0,48.0,22.0,210.0,70,0.64,2.1
196,Dangs-Ahwa,Baripada,7.12,1080,723.6,0,317.0,121.0,100.0,84.0,0.5,260.0,68.0,56.0,400.0,85,1.15,1.84
197,Dangs-Ahwa,Chikhli,8.1,542,363.14,0,232.0,43.0,19.0,31.0,0.22,190.0,64.0,19.0,240.0,28,0.45,0.78
198,Dangs-Ahwa,Aherdi,8.01,685,458.95,0,317.0,43.0,9.0,33.0,0.39,260.0,60.0,34.0,290.0,38,1.92,1.02
199,Dangs-Ahwa,Nana pada,7.95,706,473.02,0,244.0,92.0,24.0,43.0,0.27,200.0,64.0,36.0,310.0,36,0.25,0.89
200,Dangs-Ahwa,Sakarpatal,7.91,655,438.85,0,281.0,43.0,43.0,36.0,0.34,230.0,48.0,29.0,240.0,62,2.07,1.77
201,Dangs-Ahwa,Jamalpada,8.15,929,622.43,0,329.0,142.0,1.0,43.0,0.85,270.0,48.0,46.0,310.0,93,1.36,2.3
202,Dangs-Ahwa,Waghai,7.85,1550,1038.5,0,171.0,376.0,18.0,140.0,0.3,140.0,136.0,54.0,560.0,115,0.92,2.11
203,Dangs-Ahwa,Chinchnogaotha,7.82,1063,712.21,0,476.0,92.0,32.0,30.0,0.57,390.0,72.0,51.0,390.0,87,8.33,1.91
204,Dangs-Ahwa,Nadak khadi,8.27,1084,726.28,0,305.0,135.0,60.0,60.0,0.8,250.0,40.0,66.0,370.0,97,0.34,2.19
205,Dangs-Ahwa,Bori Goatha 1,8.17,628,420.76,0,354.0,28.0,4.0,13.0,0.14,290.0,44.0,41.0,280.0,24,0.83,0.63
206,Dangs-Ahwa,Vanzat Amba,7.43,655,438.85,0,232.0,78.0,15.0,35.0,0.43,190.0,56.0,27.0,250.0,50,2.5,1.37
207,Diu,Jalawadi,7.88,10250,6868.0,0,281.0,3545.0,1.1,118.0,0.31,230.0,569.136,357.504,2892.0,1082,52.0,8.75
208,Diu,Moiwachawadi,7.98,4940,3310.0,0,378.0,1205.0,127.0,322.0,0.62,310.0,196.392,172.672,1201.0,538,64.0,6.75
209,Diu,Gomtimata,8.19,3468,2324.0,0,610.0,709.0,104.0,189.0,0.64,500.0,68.0,116.736,651.0,508,39.0,8.66
210,Gandhinagar,Paliya,7.41,2460,1648.0,0,598.0,362.0,107.0,109.0,1.4,490.0,88.0,117.0,701.0,250,3.5,4.1
211,Gir Somnath,Ankolwadi,7.2,1111,744.37,0,488.0,85.0,8.0,30.0,0.27,400.0,68.0,49.0,370.0,85,0.88,1.92
212,Jamnagar,Amaliya Chokdi,7.04,3021,2024.07,0,366.0,780.0,13.0,112.0,2.3,300.0,140.0,122.0,850.0,299,7.19,4.46
213,Jamnagar,Ambardi,7.43,1920,1286.4,0,464.0,298.0,86.0,84.0,1.3,381.0,80.0,77.0,515.0,204,2.16,3.91
214,Jamnagar,Amran1,6.64,478,320.26,0,134.0,78.0,3.0,13.0,0.62,110.0,24.0,22.0,150.0,41,4.79,1.46
215,Jamnagar,Aramda or Arambhada,7.47,2350,1574.5,0,549.0,426.0,5.0,110.0,4.3,450.0,48.0,46.0,310.0,370,31.17,9.14
216,Jamnagar,Balwa,7.26,1425,954.75,0,342.0,191.0,114.0,75.0,0.25,281.0,136.0,54.0,560.0,68,0.36,1.25
217,Jamnagar,Bangour  Choukdi,7.27,755,505.85,0,183.0,78.0,84.0,45.0,0.27,150.0,72.0,27.0,290.0,40,0.56,1.02
218,Jamnagar,Bed1,7.67,1560,1045.2,0,403.0,301.0,5.0,14.0,0.97,331.0,180.0,58.0,690.0,37,1.92,0.61
219,Jamnagar,Bedanpur,7.72,8000,5360.0,0,488.0,2057.0,72.0,572.0,0.6,400.0,32.0,272.0,1200.0,1290,2.32,16.19
220,Jamnagar,Bhadthar,7.61,880,589.6,0,268.0,113.0,15.0,48.0,0.68,220.0,48.0,41.0,290.0,68,1.45,1.74
221,Jamnagar,Bhatia,7.62,2550,1708.5,0,342.0,468.0,14.0,309.0,2.2,281.0,140.0,71.0,640.0,278,28.17,4.78
222,Jamnagar,Bhogat1,7.34,2025,1356.75,0,220.0,454.0,82.0,121.0,2.2,180.0,116.0,46.0,480.0,240,5.67,4.76
223,Jamnagar,Changa,7.13,1746,1169.82,0,305.0,340.0,64.0,88.0,0.17,250.0,144.0,68.0,640.0,105,0.6,1.8
224,Jamnagar,Dhrol2,7.36,2110,1413.7,0,488.0,369.0,63.0,86.0,0.32,400.0,76.0,83.0,530.0,242,1.56,4.57
225,Jamnagar,Drafa,7.56,1425,954.75,0,329.0,248.0,87.0,24.0,0.69,270.0,80.0,85.0,550.0,75,0.37,1.39
226,Jamnagar,Dudhai2(Jam Dudhai),7.51,950,636.5,0,329.0,71.0,3.0,99.0,0.8,270.0,44.0,28.0,225.0,113,1.44,3.28
227,Jamnagar,Dwarka,7.36,2533,1697.11,0,439.0,574.0,24.0,78.0,0.48,360.0,80.0,111.0,655.0,264,29.52,4.48
228,Jamnagar,Gordhanpur,7.49,1950,1306.5,0,207.0,560.0,4.0,20.0,0.36,170.0,108.0,56.0,500.0,220,2.66,4.28
229,Jamnagar,Falla,7.75,1325,887.75,0,329.0,227.0,2.0,66.0,1.7,270.0,20.0,56.0,280.0,175,0.13,4.55
230,Jamnagar,Humbusar),7.87,1892,1267.64,0,500.0,369.0,2.0,8.0,0.87,410.0,40.0,5.0,120.0,360,30.98,14.29
231,Jamnagar,Hanzarapur),7.07,530,355.1,0,134.0,67.0,1.0,53.0,0.37,110.0,48.0,22.0,210.0,18,8.5,0.54
232,Jamnagar,Haripur2,7.22,1120,750.4,0,305.0,206.0,10.0,13.0,0.53,250.0,92.0,36.0,380.0,83,0.37,1.85
233,Jamnagar,Hadiyana,7.51,818,548.06,0,195.0,50.0,5.0,167.0,0.45,160.0,36.0,56.0,320.0,40,2.39,0.97
234,Jamnagar,Jambuda,7.11,2565,1718.55,0,232.0,702.0,56.0,48.0,0.29,190.0,168.0,128.0,945.0,151,5.25,2.14
235,Jamnagar,Jamnagar2,7.36,940,629.8,0,354.0,92.0,3.0,48.0,0.43,290.0,44.0,36.0,260.0,96,0.65,2.59
236,Jamnagar,Juvanpur,7.23,1555,1041.85,0,354.0,248.0,58.0,81.0,0.36,290.0,60.0,88.0,510.0,125,1.97,2.41
237,Jamnagar,Khajuda,6.98,4630,3102.1,0,305.0,1312.0,57.0,157.0,0.21,250.0,400.0,165.0,1680.0,290,3.19,3.08
238,Jamnagar,Kalawad,7.13,625,418.75,0,183.0,78.0,4.0,47.0,0.4,150.0,40.0,26.0,205.0,48,2.91,1.46
239,Jamnagar,Kalyanpur,7.54,1880,1259.6,0,378.0,340.0,65.0,89.0,3.3,310.0,52.0,73.0,430.0,235,1.44,4.93
240,Jamnagar,Kalyanpur2,7.4,1491,998.97,0,244.0,291.0,83.0,68.0,0.3,200.0,44.0,107.0,550.0,89,0.75,1.65
241,Jamnagar,Kesia,7.43,5555,3721.85,0,214.0,1702.0,28.0,175.0,0.2,176.0,60.0,304.0,1400.0,650,0.87,7.55
242,Jamnagar,Khirsara,7.32,1250,837.5,0,171.0,269.0,46.0,60.0,0.4,140.0,76.0,9.0,225.0,183,0.42,5.3
243,Jamnagar,Kuvadia,7.29,700,469.0,0,281.0,43.0,33.0,28.0,0.49,230.0,62.0,22.0,245.0,47,0.12,1.31
244,Jamnagar,Lalpur1,7.52,1170,783.9,0,220.0,220.0,35.0,64.0,0.38,180.0,76.0,27.0,300.0,128,1.56,3.21
245,Jamnagar,Lambha 1,7.32,1850,1239.5,0,159.0,468.0,1.0,130.0,0.44,130.0,68.0,51.0,380.0,251,3.2,5.6
246,Jamnagar,Mewasha,7.09,788,527.96,0,122.0,191.0,3.0,18.0,0.39,100.0,36.0,27.0,200.0,88,2.49,2.71
247,Jamnagar,Modpar,7.22,925,619.75,0,244.0,142.0,33.0,38.0,0.88,200.0,60.0,19.0,230.0,105,3.02,3.01
248,Jamnagar,Mojap,7.12,6211,4161.37,0,610.0,1482.0,252.0,312.0,0.86,500.0,344.0,195.0,1660.0,660,9.71,7.04
249,Jamnagar,Mota Kalawad,7.48,3010,2016.7,0,305.0,780.0,74.0,102.0,0.23,250.0,334.0,113.0,1300.0,90,1.21,1.09
250,Jamnagar,Motagop,7.23,1055,706.85,0,342.0,99.0,67.0,55.0,0.28,281.0,70.0,61.0,425.0,46,0.12,0.97
251,Jamnagar,Moti Khavdi,7.09,1920,1286.4,0,500.0,234.0,65.0,160.0,0.24,410.0,44.0,126.0,630.0,152,0.27,2.63
252,Jamnagar,Moti Matli,7.53,1830,1226.1,0,293.0,362.0,83.0,93.0,0.56,240.0,48.0,24.0,220.0,321,0.64,9.41
253,Jamnagar,Nikava,7.41,1160,777.2,0,305.0,135.0,100.0,59.0,0.38,250.0,72.0,56.0,410.0,78,0.17,1.67
254,Jamnagar,Pindara1,7.47,1020,683.4,0,207.0,170.0,2.0,93.0,0.9,170.0,60.0,32.0,280.0,101,6.75,2.62
255,Jamnagar,Raval,7.53,3644,2441.48,0,427.0,922.0,44.0,113.0,0.18,350.0,140.0,231.0,1300.0,232,0.85,2.8
256,Jamnagar,Salaya,7.56,1050,703.5,0,305.0,124.0,61.0,55.0,0.39,250.0,80.0,27.0,310.0,93,11.75,2.3
257,Jamnagar,Samrasar1,7.43,1995,1336.65,0,549.0,291.0,27.0,107.0,4.6,450.0,76.0,63.0,450.0,231,33.34,4.73
258,Jamnagar,Seth Vadala,7.23,1555,1041.85,0,415.0,177.0,112.0,91.0,0.32,340.0,124.0,46.0,500.0,127,0.31,2.47
259,Jamnagar,Sumana,7.69,1300,871.0,0,311.0,184.0,68.0,79.0,0.84,255.0,68.0,54.0,390.0,117,0.64,2.58
260,Jamnagar,Toda,7.56,750,502.5,0,256.0,67.0,24.0,50.0,0.63,210.0,52.0,22.0,220.0,73,2.32,2.14
261,Jamnagar,Vad Panchasara,7.28,1957,1311.19,0,256.0,355.0,175.0,113.0,0.36,210.0,164.0,41.0,580.0,177,0.23,3.2
262,Jamnagar,Vadtara,7.39,1250,837.5,0,256.0,220.0,50.0,61.0,0.35,210.0,100.0,24.0,350.0,123,2.82,2.86
263,Jamnagar,Vamansa,7.55,2905,1946.35,0,494.0,610.0,16.0,164.0,2.9,405.0,60.0,63.0,410.0,471,4.81,10.11
264,Jamnagar,Varwada or Varvala,6.98,3950,2646.5,0,549.0,805.0,48.0,323.0,0.49,450.0,300.0,219.0,1650.0,131,15.5,1.4
265,Jamnagar,Vijarkhi,7.46,912,611.04,0,305.0,113.0,7.0,36.0,0.68,250.0,80.0,19.0,280.0,82,0.47,2.13
266,Jamnagar,Vinjhalpur,7.49,1070,716.9,0,354.0,113.0,36.0,50.0,0.45,290.0,96.0,32.0,370.0,73,1.03,1.65
267,Junagadh,Anandpur,8.62,1920,1286.4,0,159.0,504.0,64.0,65.0,0.57,130.0,100.0,105.0,680.0,125,1.41,2.08
268,Junagadh,Arena,6.94,5558,3723.86,0,610.0,1425.0,60.0,210.0,0.11,500.0,72.0,175.0,900.0,830,39.13,12.03
269,Junagadh,Bamanwara,7.44,340,227.8,0,98.0,46.0,5.0,18.0,0.19,80.0,24.0,17.0,130.0,17,1.43,0.65
270,Junagadh,Bantva,8.04,1200,804.0,0,476.0,113.0,12.0,40.0,3.0,390.0,20.0,15.0,110.0,226,0.29,9.37
271,Junagadh,Bhat_Simroli,7.23,1820,1219.4,0,482.0,312.0,11.0,68.0,0.55,395.0,112.0,44.0,460.0,205,6.71,4.16
272,Junagadh,Bilkha,7.45,1560,1045.2,0,311.0,234.0,79.0,110.0,0.47,255.0,80.0,27.0,310.0,195,6.24,4.82
273,Junagadh,Budhecha,6.97,2200,1474.0,0,427.0,418.0,54.0,108.0,0.6,350.0,100.0,95.0,640.0,210,1.14,3.61
274,Junagadh,Chokhli,7.14,1685,1128.95,0,500.0,149.0,163.0,84.0,0.48,410.0,84.0,83.0,550.0,137,0.27,2.54
275,Junagadh,Chorwad,7.04,4890,3276.3,0,702.0,1206.0,77.0,92.0,0.13,576.0,220.0,224.0,1470.0,443,1.69,5.02
276,Junagadh,Galodar,7.77,780,522.6,0,232.0,99.0,6.0,50.0,0.29,190.0,44.0,46.0,300.0,40,1.4,1.0
277,Junagadh,Goraj1,7.83,1150,770.5,0,366.0,121.0,57.0,49.0,1.5,300.0,56.0,56.0,370.0,90,1.69,2.03
278,Junagadh,Junagadh1,6.98,1207,808.69,0,329.0,156.0,48.0,60.0,0.28,270.0,50.0,34.0,265.0,149,1.98,3.98
279,Junagadh,Juthal,7.48,820,549.4,0,207.0,135.0,5.0,44.0,0.37,170.0,60.0,36.0,300.0,48,1.6,1.2
280,Junagadh,Kalej,7.5,2150,1440.5,0,403.0,383.0,30.0,169.0,1.51,331.0,80.0,22.0,290.0,356,2.46,9.09
281,Junagadh,Kanedipur,7.13,880,589.6,0,378.0,64.0,8.0,29.0,0.38,310.0,104.0,7.0,290.0,66,0.24,1.69
282,Junagadh,Kanek,6.66,6701,4489.67,0,610.0,1830.0,23.0,255.0,0.15,500.0,688.0,56.0,1950.0,625,22.29,6.15
283,Junagadh,Kewarda,7.52,1060,710.2,0,342.0,128.0,41.0,45.0,0.33,281.0,68.0,63.0,430.0,44,1.76,0.92
284,Junagadh,Khambalia1,7.61,4830,3236.1,0,732.0,1241.0,20.0,50.0,0.18,600.0,242.0,105.0,1035.0,635,10.16,8.58
285,Junagadh,Khokharda,7.74,3525,2361.75,0,488.0,702.0,145.0,250.0,0.37,400.0,180.0,73.0,750.0,465,1.01,7.38
286,Junagadh,Khorada1,7.74,7880,5279.6,0,244.0,2482.0,14.0,216.0,0.22,200.0,680.0,109.0,2150.0,815,0.39,7.64
287,Junagadh,Khorasa_ Ahir,7.51,1215,814.05,0,171.0,234.0,77.0,72.0,0.49,140.0,124.0,17.0,380.0,105,0.37,2.34
288,Junagadh,Kukaswada,7.66,723,484.41,0,128.0,106.0,40.0,78.0,0.58,105.0,80.0,5.0,220.0,65,1.32,1.91
289,Junagadh,Lohej,7.24,1256,841.52,0,268.0,213.0,73.0,45.0,0.36,220.0,144.0,12.0,410.0,88,20.19,1.89
290,Junagadh,Maktupur1,7.11,3505,2348.35,0,549.0,745.0,155.0,115.0,0.28,450.0,180.0,90.0,820.0,248,300.0,3.77
291,Junagadh,Mangrol,7.51,2575,1725.25,0,366.0,596.0,44.0,98.0,0.27,300.0,120.0,56.0,530.0,325,36.57,6.14
292,Junagadh,Manketara,7.43,1922,1287.74,0,232.0,479.0,64.0,45.0,0.5,190.0,120.0,117.0,780.0,81,5.67,1.26
293,Junagadh,Mendarda1,7.44,2750,1842.5,0,354.0,645.0,134.0,62.0,0.44,290.0,56.0,168.0,830.0,248,0.83,3.74
294,Junagadh,Patla,7.56,660,442.2,0,226.0,71.0,12.0,31.0,0.41,185.0,96.0,5.0,260.0,31,0.29,0.84
295,Junagadh,Saradiya,7.76,2120,1420.4,0,610.0,241.0,54.0,163.0,0.33,500.0,128.0,75.0,630.0,196,0.48,3.4
296,Junagadh,Sepa,7.21,1065,713.55,0,329.0,113.0,65.0,49.0,0.47,270.0,62.0,13.0,210.0,146,0.77,4.38
297,Junagadh,Seriakhan,7.24,1250,837.5,0,305.0,177.0,64.0,67.0,0.5,250.0,100.0,44.0,430.0,82,14.48,1.72
298,Junagadh,Shardagram,7.36,9450,6331.5,0,305.0,3021.0,21.0,204.0,0.21,250.0,280.0,474.0,2650.0,975,8.95,8.23
299,Junagadh,Sil,7.59,700,469.0,0,232.0,78.0,22.0,29.0,0.22,190.0,84.0,15.0,270.0,36,1.08,0.95
300,Junagadh,Sil_ Bandar,7.61,13506,9049.02,0,793.0,4106.0,5.0,213.0,0.19,650.0,224.0,314.0,1850.0,2192,70.34,22.16
301,Junagadh,Vadal,7.76,1540,1031.8,0,317.0,262.0,75.0,76.0,0.32,260.0,60.0,95.0,540.0,96,1.94,1.8
302,Junagadh,Vanthali II,7.78,2000,1340.0,0,659.0,245.0,40.0,75.0,0.63,541.0,40.0,90.0,470.0,242,0.46,4.85
303,Junagadh,Jetalvad,8.15,769,515.0,0,183.0,99.0,76.0,53.0,0.1,150.0,28.0,58.0,310.0,51,0.39,1.26
304,Junagadh,Mandawad,8.22,760,509.0,0,220.0,135.0,3.1,44.0,0.17,180.0,36.0,49.0,290.0,57,1.9,1.46
305,Junagadh,Prempara,8.2,952,638.0,0,207.0,121.0,92.0,98.0,0.28,170.0,60.0,56.0,380.0,55,0.54,1.23
306,Junagadh,KasiaNaka Checkpost,7.9,696,466.0,0,342.0,50.0,2.2,33.0,0.19,280.0,52.0,39.0,290.0,44,0.16,1.12
307,Junagadh,Ajotha,7.72,1563,1047.0,0,220.0,376.0,41.0,80.0,0.39,180.0,100.0,61.0,500.0,138,1.6,2.68
308,Junagadh,Govindpura2,7.37,667,447.0,0,281.0,71.0,20.0,19.0,0.53,230.0,76.0,22.0,280.0,38,1.5,0.99
309,Junagadh,Moraj,7.76,1068,716.0,0,159.0,262.0,15.0,37.0,0.93,130.0,76.0,15.0,250.0,130,0.32,3.57
310,Junagadh,Talala1,7.68,758,508.0,0,329.0,78.0,14.0,26.0,0.26,270.0,56.0,32.0,270.0,67,1.0,1.77
311,Junagadh,Jambur(madhapar),7.74,748,501.0,0,329.0,78.0,6.7,24.0,0.23,270.0,60.0,36.0,300.0,50,0.88,1.26
312,Junagadh,AmverVelnes,7.99,615,412.0,0,281.0,43.0,7.5,41.0,0.28,230.0,68.0,22.0,260.0,35,1.1,0.94
313,Junagadh,Jamvala1,7.83,478,320.0,0,220.0,43.0,5.9,17.0,0.34,180.0,44.0,19.0,190.0,34,0.35,1.07
314,Junagadh,Bhimdeval,7.72,1030,690.0,0,329.0,135.0,44.0,60.0,0.59,270.0,80.0,34.0,340.0,90,2.6,2.12
315,Junagadh,Prasli,7.75,979,656.0,0,256.0,142.0,42.0,51.0,1.2,210.0,68.0,19.0,250.0,91,35.0,2.5
316,Junagadh,Kodinar1,7.82,2188,1466.0,0,305.0,581.0,44.0,87.0,0.8,250.0,104.0,100.0,671.0,230,0.93,3.86
317,Junagadh,Kesariyaji,7.84,1083,726.0,0,256.0,177.0,50.0,52.0,0.77,210.0,84.0,24.0,310.0,108,3.8,2.67
318,Junagadh,Una2,8.13,2965,1987.0,0,708.0,525.0,41.0,195.0,2.2,580.0,72.0,97.0,580.0,469,2.8,8.47
319,Junagadh,Kansari,7.67,1468,984.0,0,415.0,199.0,132.0,71.0,0.77,340.0,104.0,44.0,440.0,152,1.9,3.15
320,Junagadh,Jargla Jargli,8.07,570,382.0,0,268.0,50.0,2.5,21.0,0.34,220.0,76.0,12.0,240.0,32,0.42,0.9
321,Junagadh,Girgadhada,7.84,832,557.0,0,342.0,71.0,47.0,33.0,0.28,280.0,72.0,41.0,350.0,51,0.66,1.19
322,Junagadh,Dhokadva,8.21,721,483.0,0,354.0,50.0,3.5,23.0,0.22,290.0,44.0,49.0,310.0,40,2.0,0.99
323,Junagadh,Sametar,8.18,396,265.0,0,195.0,28.0,1.6,15.0,0.26,160.0,36.0,19.0,170.0,22,1.6,0.73
324,Kachchh,Rapar,7.9,3832,2567.44,0,305.0,710.0,44.0,731.0,1.07,250.0,244.0,114.0,1080.0,363,46.0,4.8
325,Kachchh,Lilpar,7.75,8480,5681.6,0,342.0,1882.0,60.0,1635.0,1.68,281.0,480.0,292.0,2400.0,1000,50.0,8.87
326,Kachchh,Desalpar,7.15,3560,2385.2,0,268.0,767.0,43.0,359.0,0.84,220.0,152.0,102.0,800.0,368,42.0,5.66
327,Kachchh,Ratanpur (Khadir),7.7,4410,2954.7,0,403.0,1172.0,1.0,228.0,1.01,331.0,116.0,109.0,740.0,608,18.0,9.72
328,Kachchh,Kuda,7.38,1626,1089.42,0,671.0,178.0,18.0,40.0,2.33,550.0,128.0,39.0,480.0,140,32.0,2.78
329,Kachchh,Kharoi,7.45,2300,1541.0,0,305.0,497.0,1.0,166.0,0.35,250.0,168.0,109.0,870.0,152,6.9,2.23
330,Kachchh,Sedat,7.92,782,523.94,0,268.0,107.0,0.0,42.0,0.19,220.0,60.0,44.0,330.0,48,3.6,1.15
331,Kachchh,Sukhpar,7.58,10550,7068.5,0,281.0,2982.0,175.0,2400.0,1.63,230.0,580.0,304.0,2700.0,1778,9.0,15.0
332,Kachchh,Bhuj,7.46,1302,872.34,0,281.0,234.0,22.0,171.0,0.68,230.0,132.0,34.0,470.0,125,14.0,2.51
333,Kachchh,Haboi,7.5,1641,1099.47,0,317.0,256.0,15.0,210.0,1.46,260.0,96.0,75.0,550.0,150,16.0,2.78
334,Kachchh,Lodai,7.45,4680,3135.6,0,390.0,873.0,4.0,867.0,0.92,320.0,200.0,146.0,1100.0,541,33.0,7.09
335,Kachchh,Khavda,7.87,2632,1763.44,0,329.0,511.0,2.0,235.0,0.55,270.0,116.0,71.0,580.0,318,21.0,5.74
336,Kachchh,Devisar,7.62,5480,3671.6,0,281.0,1456.0,16.0,351.0,2.85,230.0,344.0,156.0,1500.0,447,88.0,5.02
337,Kachchh,Ugardi,7.87,7730,5179.1,0,390.0,2095.0,42.0,846.0,0.65,320.0,228.0,195.0,1370.0,1184,7.4,13.9
338,Kachchh,Kharai,7.95,2420,1621.4,0,281.0,497.0,4.0,247.0,0.34,230.0,120.0,24.0,400.0,327,23.0,7.11
339,Kachchh,Naliya,8.68,1271,851.57,60,464.0,142.0,12.0,55.0,1.09,481.0,16.0,10.0,80.0,300,2.8,14.6
340,Kachchh,Tera,8.38,2748,1841.16,120,451.0,469.0,49.0,255.0,6.7,570.0,44.0,36.0,260.0,586,6.2,15.8
341,Kachchh,Mothara,8.2,1925,1289.75,0,317.0,447.0,1.0,187.0,0.8,260.0,48.0,41.0,290.0,396,2.0,10.1
342,Kachchh,Vinjan,7.83,727,487.09,0,378.0,57.0,1.0,57.0,0.71,310.0,52.0,51.0,340.0,51,5.9,1.2
343,Kachchh,Kotaya,8.25,1593,1067.31,0,464.0,277.0,20.0,107.0,4.05,381.0,40.0,36.0,250.0,325,1.3,8.94
344,Kachchh,Bhabhdai,7.89,6625,4438.75,0,439.0,1803.0,5.0,500.0,0.99,360.0,216.0,141.0,1120.0,1130,9.4,14.7
345,Kachchh,Ratanpur (maum),8.08,1518,1017.06,0,427.0,213.0,55.0,143.0,1.18,350.0,60.0,58.0,390.0,225,3.4,4.95
346,Kachchh,Dunai,7.96,1297,868.99,0,488.0,149.0,11.0,83.0,0.96,400.0,100.0,51.0,460.0,119,2.1,2.42
347,Kachchh,Kharoghoyha,8.66,3075,2060.25,60,281.0,540.0,11.0,380.0,5.45,331.0,24.0,24.0,160.0,659,1.3,22.7
348,Kachchh,Luni,7.98,2700,1809.0,0,586.0,547.0,18.0,86.0,0.89,481.0,84.0,54.0,430.0,422,13.0,8.85
349,Kachchh,Bhadreshwar,8.08,2345,1571.15,0,305.0,525.0,15.0,111.0,0.35,250.0,148.0,83.0,710.0,206,9.3,3.35
350,Kachchh,Shinaya,7.96,7375,4941.25,0,464.0,2016.0,2.0,508.0,1.16,381.0,232.0,109.0,1030.0,1380,7.0,18.7
351,Kachchh,Samkhiali,7.8,5550,3718.5,0,488.0,1448.0,100.0,250.0,3.8,400.0,160.0,195.0,1200.0,827,16.0,10.4
352,Kheda,Kapadvanj,7.18,1794,1202.0,0,805.0,142.0,37.0,30.0,2.5,661.0,44.0,22.0,200.0,336,14.0,10.3
353,Kheda,Ladvel,7.45,1975,1323.0,0,439.0,411.0,2.0,33.0,0.58,360.0,96.0,54.0,460.0,215,13.0,4.4
354,Kheda,Balasinor 1,7.12,953,639.0,0,342.0,113.0,14.0,34.0,0.52,280.0,104.0,24.0,360.0,55,0.6,1.3
355,Kheda,Bar,7.38,677,454.0,0,305.0,50.0,2.4,21.0,0.73,250.0,32.0,29.0,200.0,55,23.0,1.7
356,Kheda,Mahudha,7.73,2580,1729.0,0,683.0,411.0,18.0,123.0,0.75,560.0,60.0,90.0,520.0,341,34.0,6.5
357,Kheda,Alina,7.48,3129,2096.0,0,525.0,510.0,141.0,225.0,0.9,430.0,112.0,114.0,751.0,359,7.0,5.7
358,Kheda,Muliyad,7.32,6780,4543.0,0,305.0,1773.0,24.0,440.0,0.56,250.0,297.0,119.0,1231.0,855,7.6,10.6
359,Kheda,Dakor,7.54,1505,1008.0,0,561.0,177.0,5.1,36.0,1.2,460.0,44.0,54.0,330.0,182,8.3,4.4
360,Kheda,Kalesar,7.83,1198,803.0,0,647.0,64.0,9.3,41.0,1.5,530.0,28.0,54.0,290.0,178,0.68,4.5
361,Kheda,Kheda,7.31,7648,5124.0,0,390.0,2070.28,1.9,639.0,0.58,320.0,417.0,187.0,1811.0,911,5.0,9.3
362,Kheda,Shekhupura,8.98,3728,2498.0,36,1025.0,518.0,1.4,258.0,0.4,901.0,24.0,56.0,290.0,550,355.0,14.0
363,Kheda,Boriyavi,7.76,1132,758.0,0,525.0,99.0,23.0,24.0,0.58,430.0,36.0,41.0,260.0,145,17.0,3.9
364,Kheda,Alindra,7.48,625,419.0,0,348.0,28.0,1.4,17.0,0.67,285.0,32.0,39.0,240.0,45,3.0,1.3
365,Mahesana,Asjol,6.98,452,303.0,0,256.0,21.0,4.9,3.8,0.26,210.0,56.0,15.0,200.0,16,7.1,0.5
366,Mahesana,Bhandupara,7.36,1588,1064.0,0,500.0,233.97,8.4,126.0,0.59,410.0,52.0,51.0,340.0,227,12.0,5.4
367,Mahesana,Budasan,7.24,2398,1607.0,0,451.0,503.0,7.9,144.0,0.24,370.0,124.0,83.0,651.0,232,17.0,4.0
368,Mahesana,Dharpura,7.58,3160,2117.0,0,1208.0,326.0,1.1,193.0,2.0,991.0,52.0,54.0,350.0,610,41.0,14.2
369,Mahesana,Dosaj,7.25,4070,2727.0,0,598.0,922.0,78.0,313.0,0.61,490.0,80.0,100.0,610.0,579,162.0,10.2
370,Mahesana,Kheralu1,7.23,1610,1079.0,0,500.0,262.0,13.0,89.0,1.6,410.0,56.0,61.0,390.0,210,1.6,4.6
371,Mahesana,Maguna,7.52,3686,2470.0,0,952.0,709.0,7.6,245.0,0.73,781.0,44.0,219.0,1011.0,413,27.0,5.7
372,Mahesana,Panchot,7.73,1925,1290.0,0,512.0,319.0,9.8,177.0,0.49,420.0,64.0,56.0,390.0,245,77.0,5.4
373,Mahesana,Rampura1,7.03,810,543.0,0,414.868,57.0,8.8,15.0,0.51,340.0,56.0,41.0,310.248,63,1.7,1.6
374,Mahesana,Sihi,7.2,773,518.0,0,329.454,71.0,16.0,27.0,0.51,270.0,40.0,39.0,260.208,56,37.0,1.5
375,Mahesana,Tarabh,7.25,1036,694.0,0,463.676,113.0,7.0,27.0,0.29,380.0,64.0,51.0,370.296,84,11.0,1.9
376,Mahesana,Timba_1,7.02,785,526.0,0,378.262,64.0,3.8,17.0,0.77,310.0,92.0,22.0,320.256,39,3.9,0.9
377,Mahesana,Unawa,7.15,4076,2731.0,0,866.342,709.0,170.0,373.0,0.61,711.0,80.0,156.0,840.672,545,102.0,8.2
378,Mahesana,Unjha,7.25,3080,2064.0,0,658.908,461.0,137.0,277.0,1.1,540.0,56.0,100.0,550.44,459,80.0,8.5
379,Mahesana,Vidaj,7.37,1989,1333.0,0,561.292,284.0,24.0,78.0,0.58,460.0,56.0,36.0,290.232,211,160.0,5.4
380,Mahisagar,Limbadia peti,7.51,902,604.34,0,451.0,32.0,11.0,32.0,0.99,370.0,52.0,46.0,320.0,64,1.4,1.56
381,Mahisagar,Pandarvada,7.61,700,469.0,0,317.0,64.0,0.67,5.0,0.59,260.0,48.0,27.0,230.0,58,0.66,1.66
382,Mahisagar,Khanpur,7.55,970,649.9,0,232.0,85.0,40.0,102.0,0.41,190.0,72.0,24.0,280.0,86,0.91,2.23
383,Mahisagar,Malekpur1,7.76,730,489.1,0,232.0,71.0,12.0,88.0,0.69,190.0,60.0,2.5,160.0,100,2.8,3.44
384,Mahisagar,Godhar,7.5,1153,772.51,0,366.0,107.0,27.0,101.0,0.76,300.0,88.0,54.0,440.0,63,3.1,1.31
385,Mahisagar,Kantha,7.18,346,231.82,0,134.0,28.0,3.5,21.0,0.51,110.0,24.0,15.0,120.0,17,16.0,0.67
386,Mahisagar,Lunawada,7.29,1223,819.41,0,244.0,227.0,58.0,103.0,1.18,200.0,80.0,22.0,290.0,149,14.5,3.8
387,Mahisagar,Jokha,7.68,1025,686.75,0,427.0,57.0,13.0,110.0,1.17,350.0,80.0,22.0,290.0,119,9.5,3.04
388,Mahisagar,Kothamba,7.79,1307,875.69,0,415.0,149.0,21.0,75.0,0.84,340.0,76.0,29.0,310.0,154,2.79,3.8
389,Mahisagar,Santrampur1,7.8,952,637.84,0,342.0,114.0,11.0,36.0,0.66,281.0,92.0,2.5,240.0,110,2.54,3.09
390,Mata no madh,Mata no madh,7.63,1640,1098.8,0,268.0,312.0,19.0,204.0,0.8,220.0,124.0,29.0,430.0,225,10.0,4.72
391,Mata no madh,Lakhpat,7.98,1805,1209.35,0,281.0,369.0,1.0,254.0,0.43,230.0,116.0,78.0,610.0,199,6.8,3.5
392,Mata no madh,Moti cher,8.1,470,314.9,0,244.0,43.0,3.0,19.0,0.22,200.0,52.0,22.0,220.0,18,13.0,0.53
393,Morvi,Morvi,7.95,305,204.0,0,49.0,64.0,0.35,13.0,0.17,40.0,16.0,9.728,80.0,31,1.3,1.5
394,Morvi,Chhatar,7.69,1622,1087.0,0,281.0,312.0,59.0,128.0,0.72,230.0,120.0,58.368,540.0,127,0.85,2.38
395,Morvi,Maliya,7.7,531,356.0,0,256.0,35.0,3.1,16.0,0.4,210.0,48.0,17.024,190.0,33,7.1,1.04
396,Morvi,Lajai,7.36,3827,2564.0,0,207.0,1020.96,131.0,213.0,0.53,170.0,253.0,160.512,1291.0,261,3.3,3.16
397,Morvi,Modpar,7.64,2730,1829.0,0,232.0,681.0,2.5,149.0,0.35,190.0,72.0,39.0,340.0,422,7.4,10.0
398,Morvi,Hadmatiya,7.59,2528,1694.0,0,244.0,567.0,97.0,186.0,0.41,200.0,216.0,61.0,791.0,220,1.9,3.4
399,Morvi,Neknam,7.75,1338,896.0,0,354.0,170.0,84.0,109.0,0.45,290.0,96.0,49.0,440.0,110,0.92,2.3
400,Morvi,Mota Dhansura,7.72,2391,1602.0,0,329.0,553.0,2.9,166.0,0.48,270.0,136.0,51.0,550.0,283,12.0,5.2
401,Narmada,Jankh,7.71,620,415.4,0,293.0,35.0,15.0,22.0,0.45,240.0,76.152,19.0,270.0,21,0.1,0.56
402,Narmada,Umran,7.75,473,316.91,0,195.0,43.0,0.22,25.0,0.31,160.0,52.104,19.0,210.0,16,0.1,0.48
403,Narmada,Salemba,7.43,985,659.95,0,220.0,156.0,45.0,61.0,0.43,180.0,88.176,15.0,280.0,94,0.46,2.44
404,Narmada,Kanbipitha,7.79,515,345.05,0,232.0,35.0,10.0,23.0,0.36,190.0,44.088,32.0,240.0,20,0.13,0.56
405,Narmada,Khota Amba,7.89,598,400.66,0,329.0,21.0,12.0,20.0,0.32,270.0,80.16,22.0,290.0,15,1.1,0.38
406,Narmada,Ringani,7.95,574,384.58,0,342.0,14.0,1.2,7.7,0.29,281.0,56.112,32.0,270.0,21,0.11,0.56
407,Narmada,Hirapura,7.73,820,549.4,0,317.0,78.0,56.0,36.0,0.48,260.0,80.16,39.0,360.0,43,0.28,0.99
408,Narmada,Garudeshwar,7.69,1016,680.72,0,500.0,71.0,13.0,39.0,0.39,410.0,100.0,46.0,440.0,54,4.2,1.12
409,Navsari,Parujan,7.67,508,340.36,0,256.0,28.0,12.0,12.0,0.27,210.0,68.0,17.0,240.0,17,0.14,0.48
410,Navsari,Chinam,7.8,550,368.5,0,171.0,64.0,48.0,23.0,0.25,140.0,64.0,22.0,250.0,16,1.25,0.45
411,Navsari,Navsari 1,7.7,312,209.04,0,134.0,21.0,17.0,17.0,0.29,110.0,36.0,15.0,150.0,10,0.23,0.35
412,Navsari,Dandi,7.83,798,534.66,0,305.0,71.0,37.0,29.0,0.29,250.0,92.0,29.0,350.0,24,0.78,0.56
413,Navsari,Onjal,7.78,383,256.61,0,195.0,21.0,10.0,11.0,0.27,160.0,48.0,15.0,180.0,15,0.41,0.49
414,Navsari,Sari khurd,7.8,417,279.39,0,134.0,36.0,30.0,27.0,0.31,110.0,48.0,17.0,190.0,14,0.53,0.44
415,Navsari,Chandav,8.1,2760,1849.2,0,512.0,582.0,3.0,158.0,0.52,420.0,120.0,66.0,570.0,400,8.35,7.28
416,Navsari,Moti Valzar,8.23,818,548.06,0,427.0,50.0,7.0,13.0,0.4,350.0,88.0,19.0,300.0,62,14.0,1.56
417,Navsari,Doldha,8.08,821,550.07,0,268.0,92.0,42.0,56.0,0.28,220.0,100.0,27.0,360.0,45,0.47,1.03
418,Navsari,Kaliyari,8.06,355,237.85,0,159.0,28.0,6.0,16.0,0.28,130.0,32.0,15.0,140.0,24,0.66,0.88
419,Navsari,Rumla,8.07,432,289.44,0,183.0,36.0,0.0,30.0,0.44,150.0,40.0,22.0,190.0,21,0.44,0.66
420,Navsari,Manav Khadak,8.36,480,321.6,0,171.0,71.0,0.0,22.0,0.24,140.0,44.0,17.0,180.0,36,0.24,1.18
421,Panchmahals,Shehra,8.25,1255,840.85,0,549.0,107.0,7.0,34.0,0.41,450.0,72.0,19.0,260.0,72,166.0,1.94
422,Panchmahals,Chhabanpur,7.68,790,529.3,0,329.0,64.0,37.0,31.0,0.64,270.0,80.0,19.0,280.0,70,1.67,1.82
423,Panchmahals,Tuwa,7.8,872,584.24,0,366.0,99.0,14.0,25.0,0.51,300.0,88.0,15.0,280.0,80,21.8,2.08
424,Panchmahals,Dhanol,7.89,585,391.95,0,244.0,21.0,2.7,33.0,0.43,200.0,16.0,22.0,130.0,61,10.41,2.33
425,Panchmahals,Vejalpur,7.8,1724,1155.08,0,488.0,246.0,47.0,81.0,0.38,400.0,92.0,97.0,630.0,127,8.26,2.2
426,Panchmahals,Santroad_1,7.91,942,631.14,0,390.0,78.0,14.0,34.0,0.61,320.0,48.0,44.0,300.0,81,2.74,2.03
427,Panchmahals,Suliyat,7.26,1056,707.52,0,305.0,121.0,46.0,51.0,1.1,250.0,120.0,32.0,430.0,40,21.4,0.84
428,Panchmahals,Natapur,7.71,931,623.77,0,305.0,92.0,41.0,41.0,1.2,250.0,85.0,16.0,280.0,80,2.0,2.08
429,Panchmahals,Godhra2,8.1,980,656.6,0,329.0,78.0,75.0,60.0,1.2,270.0,80.0,15.0,260.0,105,0.9,2.83
430,Panchmahals,Godhra UR_1,7.8,1273,852.91,0,415.0,163.0,19.0,55.0,0.93,340.0,52.0,44.0,310.0,148,1.0,3.65
431,Panchmahals,Ranipura,7.98,2432,1629.44,0,500.0,412.0,157.0,106.0,1.1,410.0,136.0,112.0,800.0,200,3.98,3.07
432,Panchmahals,Khadki Vadiya,8.21,1242,832.14,0,587.0,71.0,3.1,58.0,2.0,481.0,20.0,78.0,370.0,123,1.42,2.78
433,Panchmahals,Kalol UR_1,8.23,209,140.03,0,85.0,21.0,5.3,9.0,0.3,70.0,32.0,4.9,100.0,5,3.13,0.22
434,Panchmahals,Kalol UR_2,8.04,1883,1261.61,0,537.0,298.0,84.0,52.0,0.3,440.0,20.0,148.0,660.0,155,0.6,2.62
435,Panchmahals,Tarkanda,7.88,827,554.09,0,195.0,107.0,17.0,53.0,0.48,160.0,60.0,29.0,270.0,50,2.8,1.32
436,Panchmahals,Pavagadh,8.15,900,603.0,0,293.0,107.0,39.0,21.0,0.35,240.0,48.0,68.0,400.0,25,0.29,0.54
437,Panchmahals,Shivrajpur,7.8,1317,882.39,0,256.0,270.0,12.0,40.0,0.4,210.0,80.0,68.0,480.0,80,0.39,1.59
438,Panchmahals,Javan,8.02,372,249.24,0,159.0,36.0,5.2,15.0,0.43,130.0,40.0,15.0,160.0,14,12.04,0.48
439,Panchmahals,Jambugoda,7.86,1049,702.83,0,281.0,136.0,32.0,32.0,0.76,230.0,44.0,56.0,340.0,73,1.25,1.72
440,Patan,Dhinoj,7.71,1585,1061.95,0,488.0,256.0,6.0,100.0,0.29,400.0,92.0,27.0,340.0,200,35.0,4.72
441,Patan,Sander,7.54,440,294.8,0,232.0,36.0,2.0,8.0,0.34,190.0,44.0,24.0,210.0,19,3.6,0.58
442,Patan,Patan,7.5,2100,1407.0,0,1086.0,121.0,58.0,90.0,3.2,891.0,80.0,54.0,420.0,300,37.0,6.36
443,Patan,Sankhari,7.83,460,308.2,0,232.0,28.0,3.0,11.0,0.58,190.0,32.0,17.0,150.0,36,10.0,1.29
444,Patan,Motichander,7.32,15570,10431.9,0,183.0,5361.0,9.0,583.0,0.3,150.0,300.0,637.0,3370.0,2280,45.0,17.0
445,Patan,Piprala,8.15,7336,4915.12,0,769.0,1882.0,134.0,494.0,6.95,631.0,68.0,165.0,850.0,1364,1.6,20.3
446,Porbandar,Adityana,7.15,1072,718.24,0,268.0,156.0,64.0,41.0,0.57,220.0,52.0,57.0,365.0,72,2.58,1.64
447,Porbandar,Adwana2,7.29,1503,1007.01,0,476.0,163.0,90.0,60.0,0.37,390.0,48.0,97.0,520.0,100,1.91,1.91
448,Porbandar,Babda,7.67,1760,1179.2,0,512.0,262.0,18.0,75.0,0.88,420.0,40.0,78.0,420.0,202,2.59,4.29
449,Porbandar,Bakharla,7.38,2416,1618.72,0,476.0,433.0,82.0,139.0,1.9,390.0,24.0,122.0,560.0,276,41.57,5.07
450,Porbandar,Balej,7.23,962,644.54,0,207.0,199.0,2.0,28.0,0.33,170.0,24.0,24.0,160.0,133,28.57,4.57
451,Porbandar,Bhavpura,7.17,4177,2798.59,0,183.0,1241.0,104.0,93.0,0.16,150.0,360.0,97.0,1300.0,350,7.56,4.22
452,Porbandar,Bhod,7.12,1310,877.7,0,342.0,199.0,54.0,52.0,0.52,281.0,88.0,17.0,290.0,164,2.79,4.19
453,Porbandar,Degam,7.95,2135,1430.45,0,207.0,532.0,22.0,123.0,2.0,170.0,52.0,49.0,330.0,276,2.69,6.61
454,Porbandar,Hanumangadh1,7.23,3412,2286.04,0,488.0,780.0,39.0,147.0,1.2,400.0,100.0,207.0,1100.0,251,4.25,3.29
455,Porbandar,Kadegi,7.42,12250,8207.5,0,427.0,3546.0,3.0,754.0,0.43,350.0,38.0,840.0,3550.0,1173,27.14,8.56
456,Porbandar,Kandorna_Rana,7.21,3580,2398.6,0,976.0,574.0,50.0,124.0,1.8,801.0,40.0,195.0,900.0,405,2.28,5.87
457,Porbandar,Khambodar,7.61,1660,1112.2,0,439.0,269.0,18.0,65.0,1.4,360.0,44.0,51.0,320.0,228,10.25,5.54
458,Porbandar,Kolikhada village-2,7.78,1772,1187.24,0,732.0,35.0,47.0,192.0,3.4,600.0,24.0,32.0,190.0,330,0.98,10.41
459,Porbandar,Kuchhadi,7.43,4221,2828.07,0,976.0,752.0,27.0,177.0,1.1,801.0,100.0,97.0,650.0,603,105.78,10.28
460,Porbandar,Kutiyana1,7.23,390,261.3,0,183.0,35.0,4.0,20.0,0.88,150.0,36.0,15.0,150.0,33,4.12,1.17
461,Porbandar,Miyani,7.22,2074,1389.58,0,488.0,277.0,170.0,86.0,0.16,400.0,52.0,12.0,180.0,361,46.27,11.7
462,Porbandar,Mocha,7.18,6800,4556.0,0,366.0,2199.0,14.0,28.0,0.09,300.0,220.0,298.0,1775.0,751,30.66,7.75
463,Porbandar,Mojiwana,7.41,1340,897.8,0,403.0,177.0,21.0,65.0,0.73,331.0,24.0,41.0,230.0,201,1.58,5.76
464,Porbandar,Navibandar,7.12,810,542.7,0,195.0,121.0,39.0,44.0,0.42,160.0,40.0,27.0,210.0,80,7.16,2.4
465,Porbandar,Oddar(Gosa),7.52,8810,5902.7,0,366.0,2624.0,30.0,440.0,0.63,300.0,100.0,420.0,1975.0,1125,42.0,11.01
466,Porbandar,Palkhada1,7.36,2950,1976.5,0,354.0,660.0,117.0,178.0,0.5,290.0,44.0,133.0,655.0,363,40.89,6.17
467,Porbandar,Pata(पाता),7.63,1010,676.7,0,305.0,135.0,9.0,55.0,0.48,250.0,40.0,39.0,260.0,110,3.46,2.97
468,Porbandar,Porbandar1,7.16,1410,944.7,0,451.0,227.0,4.0,103.0,0.93,370.0,40.0,34.0,240.0,230,26.43,6.45
469,Porbandar,Ranavav2,7.15,1160,777.2,0,305.0,191.0,71.0,37.0,0.56,250.0,20.0,86.0,405.0,95,1.65,2.05
470,Porbandar,Ratadi,7.87,2810,1882.7,0,451.0,574.0,25.0,194.0,1.3,370.0,32.0,51.0,290.0,524,6.06,13.38
471,Porbandar,Ratia,7.15,2801,1876.67,0,329.0,652.0,101.0,121.0,0.35,270.0,24.0,119.0,550.0,293,160.0,5.43
472,Porbandar,Simar,7.38,460,308.2,0,49.0,50.0,104.0,33.0,0.42,40.0,24.0,24.0,160.0,30,2.26,1.03
473,Porbandar,Tukda(Gosa),7.61,1302,872.34,0,268.0,184.0,116.0,76.0,0.31,220.0,44.0,27.0,220.0,170,49.43,4.98
474,Porbandar,Visavada,7.46,1730,1159.1,0,232.0,362.0,16.0,141.0,1.91,190.0,56.0,64.0,405.0,197,16.58,4.26
475,Rajkot,Goghavadar,7.04,1171,785.0,0,220.0,184.0,82.0,115.0,0.82,180.0,92.184,54.0,450.0,89,2.64,1.8
476,Rajkot,kamlapur 1,7.02,2705,1812.0,0,73.0,716.0,135.0,176.0,0.54,60.0,240.48,36.0,751.0,295,2.4,4.7
477,Rajkot,Kalithad 1,7.38,1212,812.0,0,146.0,277.0,31.0,77.0,0.59,120.0,104.208,29.0,380.0,98,0.56,2.2
478,Rajkot,Lalavadar,7.5,656,440.0,0,317.0,43.0,16.0,21.0,0.67,260.0,60.12,27.0,260.0,43,0.75,1.2
479,Rajkot,Bhadla,7.02,2040,1367.0,0,171.0,482.0,96.0,127.0,0.45,140.0,124.248,95.0,701.0,170,2.2,2.8
480,Rajkot,Movaiya,7.19,8752,5864.0,0,256.0,2652.0,168.0,615.0,0.74,210.0,573.0,467.0,3353.0,690,0.72,5.2
481,Rajkot,Motadadva,7.4,1515,1015.0,0,195.0,355.0,60.0,120.0,0.5,160.0,120.0,83.0,641.0,85,3.4,1.5
482,Rajkot,Upleta,7.83,2630,1762.0,0,720.0,468.0,36.0,60.0,3.1,590.0,28.0,27.0,180.0,565,0.88,18.3
483,Rajkot,Virnagar,7.99,2167,1452.0,0,427.0,489.0,34.0,95.0,0.62,350.0,52.0,122.0,631.0,265,0.36,4.6
484,Rajkot,Dhorajee,7.63,645,432.0,0,146.0,121.0,5.8,37.0,0.35,120.0,40.0,29.0,220.0,52,3.2,1.5
485,Rajkot,Jamvadi,7.43,729,488.0,0,183.0,135.0,4.8,40.0,0.5,150.0,48.0,29.0,240.0,62,3.6,1.7
486,Rajkot,Ganod,7.68,6006,4024.0,0,464.0,1432.0,27.0,694.0,2.9,380.0,128.0,122.0,821.0,1125,1.9,17.1
487,Rajkot,Targhari,7.78,657,440.0,0,220.0,99.0,4.8,33.0,0.81,180.0,36.0,29.0,210.0,66,1.3,2.0
488,Rajkot,Chordi,7.47,1199,803.0,0,244.0,206.0,102.0,51.0,0.75,200.0,112.0,41.0,450.0,70,0.37,1.4
489,Rajkot,kamlapur,7.0,2702,1810.0,0,73.0,716.0,125.0,172.0,0.59,60.0,253.0,29.0,751.0,292,2.3,4.6
490,Rajkot,Khirsara,7.14,1450,972.0,0,415.0,241.0,6.4,80.0,0.1,340.0,100.0,68.0,530.0,93,3.9,1.8
491,Rajkot,Dadiya,7.56,850,570.0,0,134.0,106.0,102.0,83.0,0.4,110.0,52.0,41.0,300.0,56,0.83,1.4
492,Rajkot,Vinchchiya,7.38,1778,1191.0,0,342.0,291.0,128.0,123.0,0.66,280.0,136.0,58.0,580.0,150,2.2,2.7
493,Rajkot,Halenda,7.49,1767,1184.0,0,342.0,333.0,48.0,121.0,0.46,280.0,64.0,114.0,631.0,122,4.8,2.1
494,Rajkot,Khamta,7.87,2246,1505.0,0,329.0,383.0,93.0,228.0,0.53,270.0,100.0,63.0,510.0,259,6.1,5.0
495,Rajkot,Sardhar 2,7.72,1735,1162.0,0,610.0,184.0,37.0,84.0,0.38,500.0,64.0,46.0,350.28,185,74.0,4.3
496,Rajkot,Jasapar,7.69,1054,706.0,0,73.0,170.0,82.0,117.0,0.33,60.0,68.136,39.0,330.264,72,0.8,1.7
497,Rajkot,Ranpur,7.46,2019,1353.0,0,159.0,539.0,24.0,121.0,0.3,130.0,204.408,68.0,790.632,95,0.43,1.4
498,Rajkot,Jasdan 2,7.64,867,581.0,0,281.0,99.0,23.0,46.0,0.34,230.0,76.0,32.0,320.256,47,0.56,1.1
499,Rajkot,Paddhari,7.49,5749,3852.0,0,464.0,1347.0,119.0,586.0,0.82,380.0,220.0,139.0,1120.9,793,1.4,10.3
500,Rajkot,Ribda,7.41,2327,1559.0,0,244.0,674.0,10.0,76.0,0.37,200.0,224.0,68.0,840.672,148,15.0,2.2
501,Sabarkantha,Boriya,7.6,2784,1865.28,0,403.0,483.0,148.0,282.0,0.67,331.0,152.0,122.0,880.0,266,1.2,3.9
502,Sabarkantha,Umedpura,7.9,1544,1034.48,0,488.0,199.0,72.0,97.0,1.6,400.0,64.0,78.0,480.0,166,0.7,3.29
503,Sabarkantha,Harsol1,7.8,1456,975.52,0,488.0,156.0,73.0,119.0,2.1,400.0,60.0,41.0,320.0,199,0.96,4.84
504,Sabarkantha,varvada,7.8,2334,1563.78,0,732.0,412.0,15.0,47.0,1.5,600.0,120.0,112.0,760.0,206,12.9,3.25
505,Sabarkantha,Kesarpura(Mayal),7.92,1657,1110.19,0,366.0,199.0,146.0,193.0,2.0,300.0,60.0,51.0,360.0,235,0.44,5.39
506,Sabarkantha,Virpur_1(Himmat),7.8,593,397.31,0,244.0,36.0,33.0,15.0,0.81,200.0,12.0,51.0,240.0,27,0.39,0.76
507,Sabarkantha,Gadha1,7.87,2875,1926.25,0,476.0,511.0,147.0,190.0,1.8,390.0,148.0,27.0,480.0,452,2.3,8.97
508,Sabarkantha,Bhadreshwar(Daramli),7.74,2470,1654.9,0,634.0,355.0,44.0,179.0,1.9,520.0,72.0,68.0,460.0,364,1.57,7.38
509,Sabarkantha,Virpur2,7.86,1910,1279.7,0,354.0,341.0,64.0,180.0,2.2,290.0,68.0,29.0,290.0,338,3.59,8.63
510,Sabarkantha,Sabalwad,7.64,1186,794.62,0,342.0,121.0,76.0,128.0,2.3,281.0,108.0,24.0,370.0,117,1.14,2.64
511,Sabarkantha,Chandap_DW,7.76,1754,1175.18,0,329.0,376.0,50.0,125.0,1.0,270.0,148.0,39.0,530.0,180,5.17,3.4
512,Sabarkantha,Vadali,7.73,1155,773.85,0,244.0,156.0,95.0,86.0,1.4,200.0,112.0,17.0,350.0,102,3.45,2.37
513,Sabarkantha,Silwad,7.6,4722,3163.74,0,561.0,1264.0,91.0,135.0,1.2,460.0,208.0,180.0,1260.0,516,13.98,6.32
514,Sabarkantha,Khedbramha_1,7.65,3750,2512.5,0,256.0,966.0,135.0,126.0,1.2,210.0,384.0,73.0,1260.0,292,2.36,3.58
515,Sabarkantha,Matoda,7.5,3071,2057.57,0,390.0,738.0,68.0,159.0,0.64,320.0,240.0,54.0,820.0,317,24.3,4.81
516,Sabarkantha,Hingatiya,7.69,2306,1545.02,0,464.0,398.0,43.0,139.0,2.28,381.0,112.0,88.0,640.0,251,7.65,4.31
517,Sabarkantha,Poshina2,7.71,1320,884.4,0,488.0,128.0,42.0,110.0,1.29,400.0,108.0,44.0,450.0,113,3.5,2.32
518,Sabarkantha,Idar,8.1,1565,1048.55,0,549.0,199.0,35.0,99.0,2.33,450.0,84.0,44.0,390.0,209,4.76,4.6
519,Sabarkantha,Mathasuliya,7.7,1842,1234.14,0,293.0,284.0,185.0,186.0,0.7,240.0,152.0,17.0,450.0,203,0.83,4.16
520,Sabarkantha,kherwada,7.79,690,462.3,0,195.0,92.0,1.6,45.0,0.6,160.0,68.0,7.3,200.0,57,1.66,1.75
521,Sabarkantha,Atarsumba_2,7.75,984,659.28,0,244.0,142.0,43.0,89.0,0.52,200.0,100.0,12.0,300.0,90,2.28,2.26
522,Sabarkantha,Abhapur,7.22,512,343.04,0,268.0,36.0,3.4,3.0,0.38,220.0,64.0,12.0,210.0,24,9.1,0.72
523,Sabarkantha,Kesharpura,7.44,1337,895.79,0,305.0,213.0,123.0,68.0,0.63,250.0,84.0,75.0,520.0,67,1.6,1.28
524,Sabarkantha,Choriwad,7.45,2004,1342.68,0,293.0,426.0,165.0,127.0,0.6,240.0,280.0,34.0,840.0,77,2.1,1.16
525,Sabarkantha,Revas,7.58,1820,1219.4,0,342.0,284.0,185.0,140.0,0.91,281.0,168.0,73.0,720.0,87,0.97,1.41
526,Surat,Bhatkol,7.04,764,511.88,0,366.0,57.0,2.0,37.0,0.22,300.0,68.0,36.0,320.0,44,2.5,1.06
527,Surat,Kathor,8.07,972,651.24,0,427.0,85.0,19.0,33.0,0.26,350.0,72.0,49.0,380.0,61,22.0,1.36
528,Surat,Mota,7.87,1050,703.5,0,464.0,92.0,1.0,61.0,0.88,381.0,80.0,41.0,370.0,98,0.95,2.21
529,Surat,Ten-bardoli,7.86,550,368.5,0,281.0,36.0,2.0,8.0,0.29,230.0,76.0,19.0,270.0,15,0.21,0.42
530,Surat,Jiav,7.93,442,296.14,0,134.0,36.0,65.0,19.0,0.18,110.0,48.0,19.0,200.0,11,0.43,0.35
531,Surat,Sultanabad,7.7,900,603.0,0,293.0,92.0,44.0,43.0,0.14,240.0,92.0,22.0,320.0,58,13.0,1.41
532,Surat,Gaviyar,7.79,478,320.26,0,183.0,36.0,35.0,12.0,0.26,150.0,60.0,15.0,210.0,16,0.3,0.48
533,Surat,Kodad,7.79,608,407.36,0,171.0,57.0,49.0,38.0,0.31,140.0,72.0,22.0,270.0,16,0.79,0.43
534,Surat,Kasal,7.93,660,442.2,0,268.0,57.0,29.0,37.0,0.21,220.0,76.0,29.0,310.0,19,0.0,0.47
535,Surat,Nogama,8.22,625,418.75,0,317.0,43.0,7.0,19.0,0.16,260.0,52.0,2.0,140.0,88,0.74,3.25
536,Surat,Ushker,8.07,538,360.46,0,293.0,28.0,1.0,5.0,0.22,240.0,56.0,29.0,260.0,16,0.74,0.44
537,Surat,Dungri,7.85,340,227.8,0,134.0,28.0,16.0,15.0,0.24,110.0,48.0,10.0,160.0,11,0.63,0.41
538,Surat,Paneshwar,8.0,455,304.85,0,232.0,21.0,2.0,33.0,0.38,190.0,40.0,7.0,130.0,54,0.98,2.05
539,Surat,Katradevi,7.86,390,261.3,0,195.0,21.0,8.0,18.0,0.31,160.0,52.0,12.0,180.0,12,0.28,0.4
540,Surat,Juna umarpada,7.95,646,432.82,0,317.0,43.0,9.0,24.0,0.39,260.0,68.0,34.0,310.0,18,0.17,0.45
541,Surat,Chavada2,7.86,365,244.55,0,134.0,21.0,39.0,33.0,0.35,110.0,40.0,19.0,180.0,10,0.13,0.33
542,Surat,Sarkui,8.04,430,288.1,0,244.0,21.0,2.0,13.0,0.34,200.0,52.0,17.0,200.0,18,0.22,0.55
543,Surat,Khervada,7.9,450,301.5,0,195.0,36.0,20.0,28.0,0.27,160.0,52.0,19.0,210.0,16,1.51,0.49
544,Surat,Mandvi2,8.0,515,345.05,0,220.0,43.0,27.0,15.0,0.27,180.0,60.0,22.0,240.0,13,0.17,0.36
545,Surat,Moti Chher,8.04,470,314.9,0,232.0,28.0,7.0,13.0,0.28,190.0,52.0,24.0,230.0,13,0.0,0.37
546,Surat,Jesingpura [sg],7.98,652,436.84,0,281.0,64.0,8.0,29.0,0.28,230.0,80.0,29.0,320.0,16,0.0,0.38
547,Surat,Uchchhal1,7.97,838,561.46,0,342.0,57.0,11.0,55.0,0.57,281.0,108.0,19.0,350.0,38,0.94,0.88
548,Surat,Nizar1,8.05,865,579.55,0,329.0,107.0,17.0,42.0,0.36,270.0,84.0,49.0,410.0,25,0.25,0.54
549,Surat,Sarbhon,8.03,815,546.05,0,342.0,78.0,18.0,29.0,0.36,281.0,92.0,32.0,360.0,27,0.13,0.62
550,Surat,Allu,7.65,855,572.85,0,390.0,71.0,0.0,16.0,0.0,320.0,48.0,17.0,190.0,107,15.0,3.38
551,Surat,Valod,8.16,2675,1792.25,0,634.0,419.0,24.0,156.0,0.13,520.0,48.0,46.0,310.0,400,17.0,9.88
552,Surat,Kelkui,8.03,1173,785.91,0,586.0,85.0,8.0,58.0,0.1,481.0,72.0,36.0,330.0,104,65.0,2.48
553,Surat,Bedchit,8.36,995,666.65,48,354.0,99.0,3.0,20.0,0.23,370.0,104.0,19.0,340.0,84,5.75,1.97
554,Surat,Vaheval,8.25,1435,961.45,0,708.0,92.0,10.0,72.0,1.07,581.0,28.0,44.0,250.0,245,2.13,6.74
555,Surat,Vyara1,7.66,989,662.63,0,378.0,107.0,10.0,45.0,0.57,310.0,104.0,34.0,400.0,51,1.5,1.11
556,Surendranagar,Dhandhalpur 1,7.79,865,580.0,0,305.0,78.0,9.2,26.0,0.46,250.0,44.0,32.0,240.0,72,4.9,2.0
557,Surendranagar,Kherva,7.63,1473,987.0,0,171.0,297.78,0.72,169.0,0.7,140.0,68.0,27.0,280.0,220,6.0,5.7
558,Surendranagar,Moti Moladi,7.56,9627,6450.0,0,232.0,2921.0,170.0,550.0,0.73,190.0,673.0,666.0,4424.0,342,3.4,2.2
559,Surendranagar,Muli,7.95,5506,3689.02,0,561.0,1489.0,55.0,9.8,3.6,460.0,152.0,109.0,831.0,775,2.8,11.7
560,Surendranagar,Bajana,7.91,854,572.18,0,281.0,77.99,2.4,69.0,0.54,230.0,64.0,10.0,200.0,89,4.7,2.7
561,Surendranagar,Thangadh,7.38,5537,3710.0,0,281.0,1305.0,80.0,600.0,0.22,230.0,385.0,85.0,1311.0,612,1.4,7.4
562,Surendranagar,Surendranagar,7.99,1518,1017.06,0,342.0,199.0,14.0,249.0,0.8,280.0,40.0,54.0,320.0,222,0.12,5.4
563,Surendranagar,Anindra,7.42,464,311.0,0,171.0,21.0,3.1,39.0,0.77,140.0,48.0,7.3,150.0,30,5.9,1.1
564,Surendranagar,Sara,7.44,2346,1572.0,0,244.0,539.0,17.0,200.0,1.1,200.0,100.0,39.0,410.0,327,3.1,7.0
565,Surendranagar,Jhinjhuvada,7.52,900,603.0,0,427.0,64.0,1.6,33.0,0.74,350.0,52.0,32.0,260.0,85,20.0,2.3
566,Surendranagar,Sudamba,7.86,3022,2025.0,0,390.0,546.0,207.0,255.0,0.76,320.0,261.0,85.0,1001.0,211,3.3,2.9
567,Surendranagar,Baman Bor,7.5,1458,977.0,0,366.06,177.0,85.0,138.0,0.73,300.0,152.0,44.0,560.448,79,1.6,1.5
568,Surendranagar,Lakhtar,7.63,830,556.0,0,353.858,71.0,2.7,39.0,2.1,290.0,64.0,15.0,220.176,89,9.4,2.6
569,Surendranagar,Tarnetar,7.54,4522,3030.0,0,292.848,1170.0,12.0,378.0,0.84,240.0,156.0,83.0,730.584,674,4.6,10.8
570,Surendranagar,Dhangadhara,7.58,2304,1544.0,0,280.646,383.0,5.9,410.0,0.57,230.0,208.0,66.0,790.632,168,7.4,2.6
571,Surendranagar,Shiyani,7.81,1920,1286.0,0,244.04,383.0,1.0,255.0,0.36,200.0,96.0,29.0,360.288,276,6.4,6.3
572,Surendranagar,Visawadi,7.24,4205,2817.0,0,219.636,1262.0,13.0,163.0,0.31,180.0,393.0,158.0,1631.3,195,28.0,2.1
573,Surendranagar,Sarla,7.49,2095,1404.0,0,512.484,369.0,32.0,54.0,1.8,420.0,148.0,61.0,620.496,170,55.0,3.0
574,Surendranagar,Dhama,8.05,3350,2245.0,0,488.08,510.0,135.0,430.0,2.4,400.0,96.0,85.0,590.472,408,182.0,7.3
575,Vadodara,ONGC,8.59,3301,2211.67,72,683.0,596.0,1.7,140.0,1.5,680.0,20.04,77.824,370.0,587,1.5,13.27
576,Vadodara,Kevda Bag,7.6,700,469.0,0,329.0,50.0,7.1,26.0,0.79,270.0,32.064,19.456,160.0,92,9.8,3.16
577,Vadodara,Masor,7.89,1290,864.3,0,781.0,35.0,2.4,12.0,2.8,641.0,12.024,12.16,80.0,290,1.4,14.1
578,Vadodra,Rasulpura,7.64,975,653.25,0,390.0,113.0,23.0,39.0,0.41,320.0,56.112,68.096,420.0,50,0.82,1.06
579,Vadodra,Saidal,7.65,3063,2052.21,0,403.0,652.0,159.0,158.0,0.85,331.0,80.16,182.4,951.0,264,3.0,3.72
580,Vadodra,Amreshwar,7.86,615,412.05,0,293.0,57.0,0.16,11.0,0.51,240.0,60.12,12.16,200.0,64,0.89,1.97
581,Vadodra,Patiyapura,7.93,1530,1025.1,0,476.0,213.0,71.0,97.0,0.63,390.0,56.112,114.304,610.0,109,0.72,1.92
582,Vadodra,Sinor,8.2,1079,722.93,0,500.0,64.0,45.0,40.0,0.75,410.0,40.08,85.12,450.0,67,0.73,1.37
583,Vadodra,Vega,8.18,1522,1019.74,0,573.0,177.0,8.6,104.0,0.45,470.0,104.208,38.912,420.0,170,31.0,3.61
584,Vadodra,Tundav,7.89,1929,1292.43,0,439.0,305.0,63.0,178.0,1.7,360.0,68.136,38.912,330.0,296,26.0,7.08
585,Vadodra,Juna Somaliya,8.08,1235,827.45,0,366.0,220.0,12.0,32.0,0.79,300.0,40.08,41.344,270.0,166,0.65,4.39
586,Vadodra,Chhaliyar,8.35,1236,828.12,36,586.0,64.0,33.0,19.0,2.0,541.0,20.04,17.024,120.0,254,0.41,10.08
587,Vadodra,Vejpur,8.66,3522,2359.74,96,744.0,681.0,2.1,173.0,2.3,770.0,24.048,55.936,290.0,760,6.4,19.4
588,Valsad,Dharampur 3,7.83,497,332.99,0,195.0,43.0,25.0,23.0,0.28,160.0,48.0,19.0,200.0,34,0.28,1.08
589,Valsad,Awadha,8.15,1396,935.32,0,366.0,284.0,15.0,82.0,0.22,300.0,60.0,95.0,540.0,105,0.22,1.96
590,Valsad,Lakadmal,7.23,714,478.38,0,305.0,71.0,4.0,31.0,5.81,250.0,20.0,56.0,280.0,50,5.81,1.31
591,Valsad,Mandwa,7.89,560,375.2,0,256.0,57.0,6.0,16.0,0.42,210.0,88.0,5.0,240.0,33,0.42,0.92
592,Valsad,Kaparda,8.25,447,299.49,0,195.0,36.0,6.0,19.0,0.66,160.0,44.0,22.0,200.0,20,1.98,0.61
593,Valsad,Chavshala,7.95,566,379.22,0,220.0,64.0,6.0,31.0,0.43,180.0,52.0,19.0,210.0,40,0.33,1.2
594,Valsad,Fali,8.2,432,289.44,0,134.0,50.0,25.0,28.0,0.26,110.0,44.0,17.0,180.0,21,5.21,0.67
595,Valsad,Karwad,8.07,237,158.79,0,73.0,21.0,25.0,21.0,0.3,60.0,32.0,2.0,90.0,17,0.8,0.78
596,Valsad,Balitha (Vapi),8.02,230,154.1,0,73.0,21.0,25.0,17.0,0.11,60.0,20.0,12.0,100.0,8,4.47,0.37
597,Valsad,Bhilad,6.99,356,238.52,0,171.0,28.0,3.0,15.0,0.15,140.0,40.0,15.0,160.0,16,1.36,0.55
598,Valsad,Tumb,7.97,668,447.56,0,281.0,71.0,4.0,4.0,0.22,230.0,56.0,24.0,240.0,45,8.1,1.26
599,Valsad,Umargaon,8.03,641,429.47,0,281.0,57.0,12.0,50.0,0.34,230.0,56.0,22.0,230.0,59,0.54,1.68
600,Valsad,Kanadu,7.63,943,631.81,0,366.0,114.0,24.0,58.0,0.28,300.0,80.0,49.0,400.0,57,0.24,1.25
601,Valsad,Udwada,8.07,820,549.4,0,220.0,128.0,30.0,75.0,0.44,180.0,64.0,44.0,340.0,54,0.49,1.27
